dx,dy,button,rx,ry,time,distance,targetID,directionX,directionY,targetX,targetY,initMouseX,initMouseY,targetSize
0,-1,0.0,-0.0,-1.0,0.22736835479736328,1038.4989167062236,1,948,424,1703,883,755,460,20
1,-1,0.0,1.0,-1.0,0.23435425758361816,1037.995183033139,1,947,425,1703,883,755,460,20
1,-1,0.0,1.0,-1.0,0.24332690238952637,1037.4931325073917,1,946,426,1703,883,755,460,20
1,-1,0.0,1.0,-1.0,0.25344276428222656,1036.992767573622,1,945,427,1703,883,755,460,20
1,-1,0.0,1.0,-1.0,0.2614123821258545,1036.4940906729762,1,944,428,1703,883,755,460,20
1,-1,0.0,1.0,-1.0,0.2704012393951416,1035.9971042430573,1,943,429,1703,883,755,460,20
1,-1,0.0,1.0,-1.0,0.2783675193786621,1035.501810717876,1,942,430,1703,883,755,460,20
1,-1,0.0,1.0,-1.0,0.28734326362609863,1035.008212527804,1,941,431,1703,883,755,460,20
1,-1,0.0,1.0,-1.0,0.29532289505004883,1034.5163120995242,1,940,432,1703,883,755,460,20
1,-1,0.0,1.0,-1.0,0.3033018112182617,1034.0261118559822,1,939,433,1703,883,755,460,20
1,-1,0.0,1.0,-1.0,0.31227803230285645,1033.537614216338,1,938,434,1703,883,755,460,20
2,-1,0.0,2.0,-1.0,0.32125401496887207,1032.1438853183213,1,936,435,1703,883,755,460,20
3,-1,0.0,3.0,-1.0,0.3282356262207031,1029.847076026339,1,933,436,1703,883,755,460,20
4,-1,0.0,4.0,-1.0,0.33721184730529785,1026.6498916378455,1,929,437,1703,883,755,460,20
5,-1,0.0,5.0,-1.0,0.34519052505493164,1022.5556219590209,1,924,438,1703,883,755,460,20
6,-1,0.0,6.0,-1.0,0.35416674613952637,1017.5681795339318,1,918,439,1703,883,755,460,20
7,0,0.0,7.0,-0.0,0.36215877532958984,1011.2576328512928,1,911,439,1703,883,755,460,20
8,0,0.0,8.0,-0.0,0.37113356590270996,1004.0567713032964,1,903,439,1703,883,755,460,20
9,1,0.0,9.0,1.0,0.3791005611419678,995.5300095928801,1,894,438,1703,883,755,460,20
10,2,0.0,10.0,2.0,0.38808274269104004,985.6733738921835,1,884,436,1703,883,755,460,20
12,3,0.0,12.0,3.0,0.3960564136505127,973.5876950742547,1,872,433,1703,883,755,460,20
14,4,0.0,14.0,4.0,0.4040415287017822,959.2731623474098,1,858,429,1703,883,755,460,20
16,5,0.0,16.0,5.0,0.4120144844055176,942.7300780180932,1,842,424,1703,883,755,460,20
18,6,0.0,18.0,6.0,0.4209911823272705,923.9588735436226,1,824,418,1703,883,755,460,20
20,7,0.0,20.0,7.0,0.4289700984954834,902.9601320102677,1,804,411,1703,883,755,460,20
21,8,0.0,21.0,8.0,0.43894290924072266,880.6236426533187,1,783,403,1703,883,755,460,20
22,9,0.0,22.0,9.0,0.4459366798400879,856.9463227063875,1,761,394,1703,883,755,460,20
23,9,0.0,23.0,9.0,0.4568955898284912,832.3875299402316,1,738,385,1703,883,755,460,20
23,9,0.0,23.0,9.0,0.4648752212524414,807.8372360816255,1,715,376,1703,883,755,460,20
23,9,0.0,23.0,9.0,0.47385072708129883,783.29624025652,1,692,367,1703,883,755,460,20
23,9,0.0,23.0,9.0,0.4808332920074463,758.7654446533527,1,669,358,1703,883,755,460,20
23,9,0.0,23.0,9.0,0.4898090362548828,734.2458716261195,1,646,349,1703,883,755,460,20
23,9,0.0,23.0,9.0,0.49878525733947754,709.7386843057099,1,623,340,1703,883,755,460,20
23,9,0.0,23.0,9.0,0.5077617168426514,685.2452115848749,1,600,331,1703,883,755,460,20
23,9,0.0,23.0,9.0,0.5157403945922852,660.7669785938157,1,577,322,1703,883,755,460,20
23,9,0.0,23.0,9.0,0.5247180461883545,636.305744119916,1,554,313,1703,883,755,460,20
23,9,0.0,23.0,9.0,0.5317115783691406,611.863546879531,1,531,304,1703,883,755,460,20
23,9,0.0,23.0,9.0,0.5416722297668457,587.4427631693151,1,508,295,1703,883,755,460,20
23,9,0.0,23.0,9.0,0.5496513843536377,563.0461792783963,1,485,286,1703,883,755,460,20
23,9,0.0,23.0,9.0,0.5576577186584473,538.6770832326172,1,462,277,1703,883,755,460,20
23,9,0.0,23.0,9.0,0.5656156539916992,514.339382120405,1,439,268,1703,883,755,460,20
22,9,0.0,22.0,9.0,0.573615312576294,490.8869523627614,1,417,259,1703,883,755,460,20
21,8,0.0,21.0,8.0,0.5825638771057129,468.8464567425033,1,396,251,1703,883,755,460,20
20,8,0.0,20.0,8.0,0.5925371646881104,447.6885077819175,1,376,243,1703,883,755,460,20
19,7,0.0,19.0,7.0,0.601524829864502,427.95443682709964,1,357,236,1703,883,755,460,20
18,7,0.0,18.0,7.0,0.6094925403594971,409.0990100208017,1,339,229,1703,883,755,460,20
17,7,0.0,17.0,7.0,0.6174716949462891,391.111237373717,1,322,222,1703,883,755,460,20
16,6,0.0,16.0,6.0,0.6254503726959229,374.55573684032663,1,306,216,1703,883,755,460,20
15,6,0.0,15.0,6.0,0.633429765701294,358.8606972071475,1,291,210,1703,883,755,460,20
14,6,0.0,14.0,6.0,0.6414086818695068,344.01308114663317,1,277,204,1703,883,755,460,20
14,6,0.0,14.0,6.0,0.6513979434967041,329.20054677961883,1,263,198,1703,883,755,460,20
14,6,0.0,14.0,6.0,0.6593613624572754,314.42805218364344,1,249,192,1703,883,755,460,20
14,6,0.0,14.0,6.0,0.6693353652954102,299.70151818100624,1,235,186,1703,883,755,460,20
14,6,0.0,14.0,6.0,0.6773152351379395,285.02806879323305,1,221,180,1703,883,755,460,20
14,6,0.0,14.0,6.0,0.6862902641296387,270.4163456597992,1,207,174,1703,883,755,460,20
14,6,0.0,14.0,6.0,0.6952722072601318,255.87692353942353,1,193,168,1703,883,755,460,20
13,6,0.0,13.0,6.0,0.7042422294616699,242.1652328473268,1,180,162,1703,883,755,460,20
13,6,0.0,13.0,6.0,0.712221622467041,228.52789764052878,1,167,156,1703,883,755,460,20
12,6,0.0,12.0,6.0,0.7211987972259521,215.6965461012299,1,155,150,1703,883,755,460,20
11,6,0.0,11.0,6.0,0.7301743030548096,203.64675298172568,1,144,144,1703,883,755,460,20
10,6,0.0,10.0,6.0,0.7391548156738281,192.35384061671346,1,134,138,1703,883,755,460,20
9,5,0.0,9.0,5.0,0.7471294403076172,182.5212316416915,1,125,133,1703,883,755,460,20
8,5,0.0,8.0,5.0,0.7551083564758301,173.4156855650607,1,117,128,1703,883,755,460,20
8,5,0.0,8.0,5.0,0.7630882263183594,164.34719346554112,1,109,123,1703,883,755,460,20
8,5,0.0,8.0,5.0,0.7720649242401123,155.32224567009067,1,101,118,1703,883,755,460,20
8,5,0.0,8.0,5.0,0.7800428867340088,146.3488981851247,1,93,113,1703,883,755,460,20
8,5,0.0,8.0,5.0,0.7890191078186035,137.43725841270262,1,85,108,1703,883,755,460,20
8,5,0.0,8.0,5.0,0.797001838684082,128.6001555209013,1,77,103,1703,883,755,460,20
8,5,0.0,8.0,5.0,0.8059749603271484,119.85407794480753,1,69,98,1703,883,755,460,20
8,4,0.0,8.0,4.0,0.8139529228210449,112.05802068571441,1,61,94,1703,883,755,460,20
7,4,0.0,7.0,4.0,0.8239266872406006,104.95713410721541,1,54,90,1703,883,755,460,20
6,4,0.0,6.0,4.0,0.8319063186645508,98.48857801796105,1,48,86,1703,883,755,460,20
5,3,0.0,5.0,3.0,0.8408827781677246,93.47726996441435,1,43,83,1703,883,755,460,20
4,3,0.0,4.0,3.0,0.8488624095916748,89.0,1,39,80,1703,883,755,460,20
4,3,0.0,4.0,3.0,0.8578381538391113,84.581321815162,1,35,77,1703,883,755,460,20
4,3,0.0,4.0,3.0,0.8658175468444824,80.23091673413684,1,31,74,1703,883,755,460,20
4,3,0.0,4.0,3.0,0.873795747756958,75.96051605933177,1,27,71,1703,883,755,460,20
4,3,0.0,4.0,3.0,0.8847670555114746,71.78439941937245,1,23,68,1703,883,755,460,20
4,3,0.0,4.0,3.0,0.8917481899261475,67.72001181334805,1,19,65,1703,883,755,460,20
4,3,0.0,4.0,3.0,0.9017214775085449,63.788713735268246,1,15,62,1703,883,755,460,20
4,3,0.0,4.0,3.0,0.9097003936767578,60.01666435249463,1,11,59,1703,883,755,460,20
4,3,0.0,4.0,3.0,0.9186782836914062,56.43580423808985,1,7,56,1703,883,755,460,20
4,3,0.0,4.0,3.0,0.9256594181060791,53.08483775994799,1,3,53,1703,883,755,460,20
4,3,0.0,4.0,3.0,0.9346427917480469,50.00999900019995,1,-1,50,1703,883,755,460,20
4,3,0.0,4.0,3.0,0.9416165351867676,47.265209192385896,1,-5,47,1703,883,755,460,20
4,3,0.0,4.0,3.0,0.951589822769165,44.91102314577124,1,-9,44,1703,883,755,460,20
4,3,0.0,4.0,3.0,0.95857834815979,43.01162633521314,1,-13,41,1703,883,755,460,20
3,3,0.0,3.0,3.0,0.9695427417755127,41.23105625617661,1,-16,38,1703,883,755,460,20
3,3,0.0,3.0,3.0,0.9765241146087646,39.824615503479755,1,-19,35,1703,883,755,460,20
2,3,0.0,2.0,3.0,0.9864976406097412,38.27531841800928,1,-21,32,1703,883,755,460,20
2,3,0.0,2.0,3.0,0.993480920791626,37.013511046643494,1,-23,29,1703,883,755,460,20
2,3,0.0,2.0,3.0,1.0044517517089844,36.069377593742864,1,-25,26,1703,883,755,460,20
2,3,0.0,2.0,3.0,1.0124289989471436,35.4682957019364,1,-27,23,1703,883,755,460,20
2,3,0.0,2.0,3.0,1.0214054584503174,35.22782990761707,1,-29,20,1703,883,755,460,20
2,3,0.0,2.0,3.0,1.029383897781372,35.35533905932738,1,-31,17,1703,883,755,460,20
2,3,0.0,2.0,3.0,1.0383656024932861,35.84689665786984,1,-33,14,1703,883,755,460,20
2,3,0.0,2.0,3.0,1.046339988708496,36.68787265568828,1,-35,11,1703,883,755,460,20
2,3,0.0,2.0,3.0,1.0553157329559326,37.8549864614954,1,-37,8,1703,883,755,460,20
2,3,0.0,2.0,3.0,1.063295602798462,39.319206502675,1,-39,5,1703,883,755,460,20
2,3,0.0,2.0,3.0,1.0732693672180176,41.048751503547585,1,-41,2,1703,883,755,460,20
2,3,0.0,2.0,3.0,1.0812480449676514,43.01162633521314,1,-43,-1,1703,883,755,460,20
2,3,0.0,2.0,3.0,1.0892267227172852,45.17742799230607,1,-45,-4,1703,883,755,460,20
2,3,0.0,2.0,3.0,1.098203420639038,47.51841748206689,1,-47,-7,1703,883,755,460,20
2,3,0.0,2.0,3.0,1.1081783771514893,50.00999900019995,1,-49,-10,1703,883,755,460,20
2,3,0.0,2.0,3.0,1.1161596775054932,52.630789467763066,1,-51,-13,1703,883,755,460,20
2,3,0.0,2.0,3.0,1.124154806137085,55.362442142665635,1,-53,-16,1703,883,755,460,20
2,3,0.0,2.0,3.0,1.1331110000610352,58.18934610390462,1,-55,-19,1703,883,755,460,20
1,3,0.0,1.0,3.0,1.1420996189117432,60.166435825965294,1,-56,-22,1703,883,755,460,20
1,2,0.0,1.0,2.0,1.149068832397461,61.84658438426491,1,-57,-24,1703,883,755,460,20
0,2,0.0,-0.0,2.0,1.1590516567230225,62.64982043070834,1,-57,-26,1703,883,755,460,20
0,1,0.0,-0.0,1.0,1.1670217514038086,63.071388124885914,1,-57,-27,1703,883,755,460,20
-1,1,0.01,-1.0,1.0,1.174999713897705,62.609903369994115,1,-56,-28,1703,883,755,460,20
-1,1,0.03,-1.0,1.0,1.183976650238037,62.177166226839255,1,-55,-29,1703,883,755,460,20
-1,1,0.04,-1.0,1.0,1.1919565200805664,61.773780845922005,1,-54,-30,1703,883,755,460,20
-1,1,0.05,-1.0,1.0,1.1999351978302002,61.40032573203501,1,-53,-31,1703,883,755,460,20
-1,1,0.04,-1.0,1.0,1.2079133987426758,61.05735008989499,1,-52,-32,1703,883,755,460,20
-1,1,0.04,-1.0,1.0,1.2168912887573242,60.74537019394976,1,-51,-33,1703,883,755,460,20
-1,1,0.04,-1.0,1.0,1.2248685359954834,60.4648658313239,1,-50,-34,1703,883,755,460,20
-1,1,0.04,-1.0,1.0,1.23484206199646,60.21627686929839,1,-49,-35,1703,883,755,460,20
-1,1,0.04,-1.0,1.0,1.241823434829712,60.0,1,-48,-36,1703,883,755,460,20
-1,1,0.03,-1.0,1.0,1.2517979145050049,59.81638571495272,1,-47,-37,1703,883,755,460,20
-1,1,0.03,-1.0,1.0,1.2617719173431396,59.665735560705194,1,-46,-38,1703,883,755,460,20
-1,1,0.02,-1.0,1.0,1.271744728088379,59.54829972383762,1,-45,-39,1703,883,755,460,20
-1,1,0.01,-1.0,1.0,1.2787566184997559,59.464274989274024,1,-44,-40,1703,883,755,460,20
-1,1,0.01,-1.0,1.0,1.2877027988433838,59.413803110051795,1,-43,-41,1703,883,755,460,20
-1,1,0.01,-1.0,1.0,1.2966816425323486,59.39696961966999,1,-42,-42,1703,883,755,460,20
-1,1,0.01,-1.0,1.0,1.3056559562683105,59.413803110051795,1,-41,-43,1703,883,755,460,20
-1,1,0.02,-1.0,1.0,1.314631462097168,59.464274989274024,1,-40,-44,1703,883,755,460,20
-1,1,0.02,-1.0,1.0,1.3226103782653809,59.54829972383762,1,-39,-45,1703,883,755,460,20
-1,1,0.02,-1.0,1.0,1.3315868377685547,59.665735560705194,1,-38,-46,1703,883,755,460,20
-1,1,0.02,-1.0,1.0,1.3405730724334717,59.81638571495272,1,-37,-47,1703,883,755,460,20
-1,1,0.02,-1.0,1.0,1.3485426902770996,60.0,1,-36,-48,1703,883,755,460,20
-1,1,0.02,-1.0,1.0,1.3575186729431152,60.21627686929839,1,-35,-49,1703,883,755,460,20
-1,1,0.02,-1.0,1.0,1.3654983043670654,60.4648658313239,1,-34,-50,1703,883,755,460,20
-1,1,0.02,-1.0,1.0,1.3744730949401855,60.74537019394976,1,-33,-51,1703,883,755,460,20
-1,1,0.02,-1.0,1.0,1.3824520111083984,61.05735008989499,1,-32,-52,1703,883,755,460,20
-1,1,0.02,-1.0,1.0,1.3904318809509277,61.40032573203501,1,-31,-53,1703,883,755,460,20
-1,1,0.02,-1.0,1.0,1.3994204998016357,61.773780845922005,1,-30,-54,1703,883,755,460,20
-1,1,0.02,-1.0,1.0,1.4073946475982666,62.177166226839255,1,-29,-55,1703,883,755,460,20
-1,1,0.02,-1.0,1.0,1.4153664112091064,62.609903369994115,1,-28,-56,1703,883,755,460,20
-1,1,0.02,-1.0,1.0,1.424342155456543,63.071388124885914,1,-27,-57,1703,883,755,460,20
-1,1,0.02,-1.0,1.0,1.4323205947875977,63.56099432828282,1,-26,-58,1703,883,755,460,20
-1,1,0.02,-1.0,1.0,1.4413247108459473,64.07807737440318,1,-25,-59,1703,883,755,460,20
-1,1,0.02,-1.0,1.0,1.449277400970459,64.62197768561404,1,-24,-60,1703,883,755,460,20
-1,1,0.02,-1.0,1.0,1.457292079925537,65.19202405202648,1,-23,-61,1703,883,755,460,20
-1,1,0.02,-1.0,1.0,1.466230869293213,65.7875368135941,1,-22,-62,1703,883,755,460,20
-1,1,0.02,-1.0,1.0,1.4762046337127686,66.40783086353596,1,-21,-63,1703,883,755,460,20
-1,1,0.02,-1.0,1.0,1.4841840267181396,67.05221845696084,1,-20,-64,1703,883,755,460,20
-1,1,0.02,-1.0,1.0,1.4921631813049316,67.72001181334805,1,-19,-65,1703,883,755,460,20
-1,1,0.02,-1.0,1.0,1.5011391639709473,68.41052550594829,1,-18,-66,1703,883,755,460,20
-1,1,0.02,-1.0,1.0,1.5091187953948975,69.12307863514182,1,-17,-67,1703,883,755,460,20
-1,1,0.02,-1.0,1.0,1.5200891494750977,69.85699678629192,1,-16,-68,1703,883,755,460,20
-1,1,0.02,-1.0,1.0,1.529083490371704,70.61161377563892,1,-15,-69,1703,883,755,460,20
-1,1,0.01,-1.0,1.0,1.5380430221557617,71.386273190299,1,-14,-70,1703,883,755,460,20
-1,1,0.01,-1.0,1.0,1.5460293292999268,72.18032973047436,1,-13,-71,1703,883,755,460,20
-1,1,0.01,-1.0,1.0,1.5560216903686523,72.99315036357864,1,-12,-72,1703,883,755,460,20
-1,1,0.01,-1.0,1.0,1.5649707317352295,73.824115301167,1,-11,-73,1703,883,755,460,20
-1,1,0.01,-1.0,1.0,1.5729639530181885,74.67261881037788,1,-10,-74,1703,883,755,460,20
-1,1,0.01,-1.0,1.0,1.5809299945831299,75.53806987208503,1,-9,-75,1703,883,755,460,20
-1,1,0.01,-1.0,1.0,1.5899097919464111,76.4198926981712,1,-8,-76,1703,883,755,460,20
-1,1,0.02,-1.0,1.0,1.596886396408081,77.31752712031083,1,-7,-77,1703,883,755,460,20
-1,1,0.02,-1.0,1.0,1.6058635711669922,78.23042886243178,1,-6,-78,1703,883,755,460,20
-1,1,0.02,-1.0,1.0,1.612844467163086,79.1580697086532,1,-5,-79,1703,883,755,460,20
-1,1,0.02,-1.0,1.0,1.6218204498291016,80.09993757800315,1,-4,-80,1703,883,755,460,20
-1,1,0.02,-1.0,1.0,1.6298060417175293,81.05553651663777,1,-3,-81,1703,883,755,460,20
-1,1,0.02,-1.0,1.0,1.6387858390808105,82.02438661763951,1,-2,-82,1703,883,755,460,20
-1,1,0.02,-1.0,1.0,1.6467549800872803,83.00602387778854,1,-1,-83,1703,883,755,460,20
-1,1,0.02,-1.0,1.0,1.6557343006134033,84.0,1,0,-84,1703,883,755,460,20
-1,1,0.02,-1.0,1.0,1.6633400917053223,85.00588214941364,1,1,-85,1703,883,755,460,20
-1,1,0.02,-1.0,1.0,1.6733136177062988,86.02325267042627,1,2,-86,1703,883,755,460,20
-1,1,0.02,-1.0,1.0,1.6802964210510254,87.05170877128145,1,3,-87,1703,883,755,460,20
-1,1,0.02,-1.0,1.0,1.6912665367126465,88.09086218218096,1,4,-88,1703,883,755,460,20
-1,1,0.02,-1.0,1.0,1.6992456912994385,89.1403387922662,1,5,-89,1703,883,755,460,20
-1,1,0.02,-1.0,1.0,1.707223892211914,90.19977827023745,1,6,-90,1703,883,755,460,20
-1,1,0.02,-1.0,1.0,1.7162015438079834,91.26883367283708,1,7,-91,1703,883,755,460,20
-1,1,0.02,-1.0,1.0,1.7251813411712646,92.34717104492157,1,8,-92,1703,883,755,460,20
-1,1,0.02,-1.0,1.0,1.7341549396514893,93.43446901438462,1,9,-93,1703,883,755,460,20
-1,1,0.02,-1.0,1.0,1.7421329021453857,94.53041838477179,1,10,-94,1703,883,755,460,20
-1,1,0.02,-1.0,1.0,1.7531049251556396,95.63472172804185,1,11,-95,1703,883,755,460,20
-1,1,0.02,-1.0,1.0,1.7600843906402588,96.74709297958259,1,12,-96,1703,883,755,460,20
-1,1,0.02,-1.0,1.0,1.7690613269805908,97.86725703727473,1,13,-97,1703,883,755,460,20
-1,1,0.02,-1.0,1.0,1.7760426998138428,98.99494936611666,1,14,-98,1703,883,755,460,20
-1,1,0.02,-1.0,1.0,1.7860162258148193,100.12991560967181,1,15,-99,1703,883,755,460,20
-1,1,0.02,-1.0,1.0,1.792999029159546,101.27191120937731,1,16,-100,1703,883,755,460,20
-1,1,0.02,-1.0,1.0,1.8009767532348633,102.42070103255493,1,17,-101,1703,883,755,460,20
-1,1,0.02,-1.0,1.0,1.8089566230773926,103.57605900979242,1,18,-102,1703,883,755,460,20
-1,1,0.02,-1.0,1.0,1.817932367324829,104.7377677822093,1,19,-103,1703,883,755,460,20
-1,1,0.02,-1.0,1.0,1.8269081115722656,105.90561835898981,1,20,-104,1703,883,755,460,20
-1,1,0.02,-1.0,1.0,1.8368823528289795,107.07940978544848,1,21,-105,1703,883,755,460,20
-1,1,0.02,-1.0,1.0,1.8438639640808105,108.25894882179486,1,22,-106,1703,883,755,460,20
-1,1,0.02,-1.0,1.0,1.8528523445129395,109.4440496326776,1,23,-107,1703,883,755,460,20
-1,1,0.02,-1.0,1.0,1.859853744506836,110.63453348751464,1,24,-108,1703,883,755,460,20
-1,1,0.02,-1.0,1.0,1.8697996139526367,111.83022847155415,1,25,-109,1703,883,755,460,20
-1,1,0.02,-1.0,1.0,1.879772424697876,113.03096920755833,1,26,-110,1703,883,755,460,20
-1,1,0.02,-1.0,1.0,1.889763593673706,114.23659658795863,1,27,-111,1703,883,755,460,20
-1,1,0.02,-1.0,1.0,1.8987226486206055,115.44695751729449,1,28,-112,1703,883,755,460,20
-1,1,0.02,-1.0,1.0,1.9067020416259766,116.66190466471906,1,29,-113,1703,883,755,460,20
-1,1,0.02,-1.0,1.0,1.9156787395477295,117.881296226331,1,30,-114,1703,883,755,460,20
-1,1,0.03,-1.0,1.0,1.924654483795166,119.10499569707393,1,31,-115,1703,883,755,460,20
-1,1,0.03,-1.0,1.0,1.9356257915496826,120.33287165193059,1,32,-116,1703,883,755,460,20
-1,1,0.03,-1.0,1.0,1.9426062107086182,121.56479753612885,1,33,-117,1703,883,755,460,20
-1,1,0.03,-1.0,1.0,1.951582908630371,122.80065146407001,1,34,-118,1703,883,755,460,20
-1,1,0.03,-1.0,1.0,1.9594528675079346,124.04031602668546,1,35,-119,1703,883,755,460,20
-1,1,0.03,-1.0,1.0,1.9664068222045898,125.2836781069266,1,36,-120,1703,883,755,460,20
-1,1,0.03,-1.0,1.0,1.97538423538208,126.53062870309307,1,37,-121,1703,883,755,460,20
-1,1,0.03,-1.0,1.0,1.9833624362945557,127.7810627597063,1,38,-122,1703,883,755,460,20
-1,1,0.03,-1.0,1.0,1.9913415908813477,129.0348790056394,1,39,-123,1703,883,755,460,20
-1,1,0.03,-1.0,1.0,1.9993205070495605,130.29197979921864,1,40,-124,1703,883,755,460,20
-1,1,0.03,-1.0,1.0,2.0082974433898926,131.55227098001768,1,41,-125,1703,883,755,460,20
-1,1,0.03,-1.0,1.0,2.0152781009674072,132.81566172707193,1,42,-126,1703,883,755,460,20
-1,1,0.03,-1.0,1.0,2.024263858795166,134.08206442324789,1,43,-127,1703,883,755,460,20
-1,1,0.03,-1.0,1.0,2.031236171722412,135.35139452550905,1,44,-128,1703,883,755,460,20
-1,1,0.03,-1.0,1.0,2.0402119159698486,136.6235704408284,1,45,-129,1703,883,755,460,20
-1,1,0.03,-1.0,1.0,2.0481910705566406,137.8985134075056,1,46,-130,1703,883,755,460,20
