dx,dy,button,rx,ry,time,distance,targetID,directionX,directionY,targetX,targetY,initMouseX,initMouseY,targetSize
-4,1,4,-4.0,1.0,0.19531798362731934,499.48307135762616,1,-87,-502,869,99,960,600,20
-8,6,4,-8.0,6.0,0.20310592651367188,504.1060201942786,1,-79,-508,869,99,960,600,20
-12,9,4,-12.0,9.0,0.21143078804016113,511.3233161867978,1,-67,-517,869,99,960,600,20
-14,10,4,-14.0,10.0,0.21938681602478027,519.6583804680145,1,-53,-527,869,99,960,600,20
-10,7,4,-10.0,7.0,0.22855091094970703,525.7284760025362,1,-43,-534,869,99,960,600,20
-4,2,4,-4.0,2.0,0.23544597625732422,527.4169703312317,1,-39,-536,869,99,960,600,20
0,0,0,-0.0,-0.0,0.2691049575805664,527.4169703312317,1,-39,-536,869,99,960,600,20
1,0,0,1.0,-0.0,0.31556200981140137,527.4904650317064,1,-40,-536,869,99,960,600,20
4,0,0,4.0,-0.0,0.3233067989349365,527.8029378871038,1,-44,-536,869,99,960,600,20
5,-1,0,5.0,-1.0,0.3311479091644287,527.2392390732457,1,-49,-535,869,99,960,600,20
0,-1,0,-0.0,-1.0,0.6032187938690186,526.2434148779824,1,-49,-534,869,99,960,600,20
-2,-5,0,-2.0,-5.0,0.611130952835083,521.0837975310487,1,-47,-529,869,99,960,600,20
-7,-12,0,-7.0,-12.0,0.6193618774414062,508.5450800075149,1,-40,-517,869,99,960,600,20
-8,-13,0,-8.0,-13.0,0.6272468566894531,495.01485126677215,1,-32,-504,869,99,960,600,20
-11,-12,0,-11.0,-12.0,0.6352407932281494,482.44796679446245,1,-21,-492,869,99,960,600,20
-11,-10,0,-11.0,-10.0,0.6432387828826904,472.1037232795449,1,-10,-482,869,99,960,600,20
-10,-7,0,-10.0,-7.0,0.6512119770050049,465.0,1,0,-475,869,99,960,600,20
-5,-4,0,-5.0,-4.0,0.6591899394989014,461.0265385304739,1,5,-471,869,99,960,600,20
0,-5,0,-0.0,-5.0,0.6671547889709473,456.0268232623526,1,5,-466,869,99,960,600,20
0,-6,0,-0.0,-6.0,0.6753239631652832,450.02717311045876,1,5,-460,869,99,960,600,20
1,-9,0,1.0,-9.0,0.6832699775695801,441.01773801038024,1,4,-451,869,99,960,600,20
2,-11,0,2.0,-11.0,0.6915140151977539,430.00454543106713,1,2,-440,869,99,960,600,20
2,-9,0,2.0,-9.0,0.6992688179016113,421.0,1,0,-431,869,99,960,600,20
0,-9,0,-0.0,-9.0,0.7072110176086426,412.0,1,0,-422,869,99,960,600,20
3,-12,0,3.0,-12.0,0.7151739597320557,400.0109754628527,1,-3,-410,869,99,960,600,20
3,-16,0,3.0,-16.0,0.7230379581451416,384.04568263083405,1,-6,-394,869,99,960,600,20
4,-19,0,4.0,-19.0,0.7312378883361816,365.13330963805384,1,-10,-375,869,99,960,600,20
3,-19,0,3.0,-19.0,0.739311933517456,346.23728047468586,1,-13,-356,869,99,960,600,20
3,-18,0,3.0,-18.0,0.7473468780517578,328.3784863137726,1,-16,-338,869,99,960,600,20
4,-16,0,4.0,-16.0,0.7552628517150879,312.6205201161265,1,-20,-322,869,99,960,600,20
3,-13,0,3.0,-13.0,0.7631638050079346,299.8548047069788,1,-23,-309,869,99,960,600,20
3,-11,0,3.0,-11.0,0.771230936050415,289.1320778519081,1,-26,-298,869,99,960,600,20
3,-9,0,3.0,-9.0,0.7792308330535889,280.4513728664404,1,-29,-289,869,99,960,600,20
1,-7,0,1.0,-7.0,0.787477970123291,273.5912551543154,1,-30,-282,869,99,960,600,20
0,-6,0,-0.0,-6.0,0.79538893699646,267.62564723022257,1,-30,-276,869,99,960,600,20
0,-5,0,-0.0,-5.0,0.8032379150390625,262.6554602424092,1,-30,-271,869,99,960,600,20
0,-4,0,-0.0,-4.0,0.8111758232116699,258.6801071906888,1,-30,-267,869,99,960,600,20
1,-4,0,1.0,-4.0,0.819242000579834,254.82069405543064,1,-31,-263,869,99,960,600,20
0,-3,0,-0.0,-3.0,0.8273038864135742,251.84155514356388,1,-31,-260,869,99,960,600,20
1,-1,0,1.0,-1.0,0.8355808258056641,250.96934685897497,1,-32,-259,869,99,960,600,20
0,-1,0,-0.0,-1.0,0.8431529998779297,249.97692205270835,1,-32,-258,869,99,960,600,20
1,-1,0,1.0,-1.0,0.8511428833007812,249.11001524449028,1,-33,-257,869,99,960,600,20
1,-2,0,1.0,-2.0,0.8592607975006104,247.25668115716644,1,-34,-255,869,99,960,600,20
1,-3,0,1.0,-3.0,0.8672728538513184,244.41894583540747,1,-35,-252,869,99,960,600,20
1,-5,0,1.0,-5.0,0.8750770092010498,239.6096953245206,1,-36,-247,869,99,960,600,20
1,-7,0,1.0,-7.0,0.8830769062042236,232.83533515532702,1,-37,-240,869,99,960,600,20
1,-6,0,1.0,-6.0,0.8911550045013428,227.06539182259397,1,-38,-234,869,99,960,600,20
0,-5,0,-0.0,-5.0,0.8992798328399658,222.13142829009604,1,-38,-229,869,99,960,600,20
0,-5,0,-0.0,-5.0,0.9071710109710693,217.2003521124032,1,-38,-224,869,99,960,600,20
0,-6,0,-0.0,-6.0,0.9152398109436035,211.28714377477965,1,-38,-218,869,99,960,600,20
0,-6,0,-0.0,-6.0,0.9238109588623047,205.37873618349607,1,-38,-212,869,99,960,600,20
0,-7,0,-0.0,-7.0,0.9312808513641357,198.4922060893404,1,-38,-205,869,99,960,600,20
-1,-8,0,-1.0,-8.0,0.9391798973083496,190.44450603596,1,-37,-197,869,99,960,600,20
-1,-7,0,-1.0,-7.0,0.9471428394317627,183.380454027805,1,-36,-190,869,99,960,600,20
0,-7,0,-0.0,-7.0,0.9551968574523926,176.50737250843463,1,-36,-183,869,99,960,600,20
-1,-7,0,-1.0,-7.0,0.963270902633667,169.44637081869334,1,-35,-176,869,99,960,600,20
0,-8,0,-0.0,-8.0,0.9712088108062744,161.60710940983768,1,-35,-168,869,99,960,600,20
-1,-8,0,-1.0,-8.0,0.9793188571929932,153.5726138447387,1,-34,-160,869,99,960,600,20
-1,-8,0,-1.0,-8.0,0.9871368408203125,145.54099138169335,1,-33,-152,869,99,960,600,20
-1,-7,0,-1.0,-7.0,0.995168924331665,138.48905683584903,1,-32,-145,869,99,960,600,20
-1,-7,0,-1.0,-7.0,1.0031309127807617,131.4390328021229,1,-31,-138,869,99,960,600,20
-2,-7,0,-2.0,-7.0,1.0111629962921143,124.17153200288055,1,-29,-131,869,99,960,600,20
0,-6,0,-0.0,-6.0,1.0193078517913818,118.3199127181748,1,-29,-125,869,99,960,600,20
-2,-5,0,-2.0,-5.0,1.027277946472168,113.0,1,-27,-120,869,99,960,600,20
0,-7,0,-0.0,-7.0,1.0352799892425537,106.18089343777659,1,-27,-113,869,99,960,600,20
-2,-8,0,-2.0,-8.0,1.0432548522949219,97.93516572461452,1,-25,-105,869,99,960,600,20
-2,-9,0,-2.0,-9.0,1.0511980056762695,88.71676655968832,1,-23,-96,869,99,960,600,20
-2,-7,0,-2.0,-7.0,1.0592257976531982,81.44397191723465,1,-21,-89,869,99,960,600,20
-2,-6,0,-2.0,-6.0,1.0672509670257568,75.14693182963201,1,-19,-83,869,99,960,600,20
-1,-5,0,-1.0,-5.0,1.0752098560333252,70.049984384758,1,-18,-78,869,99,960,600,20
-1,-5,0,-1.0,-5.0,1.0833489894866943,64.95331880577403,1,-17,-73,869,99,960,600,20
-1,-4,0,-1.0,-4.0,1.0914208889007568,60.83078426785913,1,-16,-69,869,99,960,600,20
-2,-3,0,-2.0,-3.0,1.099241018295288,57.468511173732,1,-14,-66,869,99,960,600,20
-1,-3,0,-1.0,-3.0,1.1071829795837402,54.32728814430156,1,-13,-63,869,99,960,600,20
-1,-3,0,-1.0,-3.0,1.1150929927825928,51.18823416311342,1,-12,-60,869,99,960,600,20
-1,-3,0,-1.0,-3.0,1.1231739521026611,48.05170109479997,1,-11,-57,869,99,960,600,20
-1,-1,0,-1.0,-1.0,1.1312479972839355,46.88585061331157,1,-10,-56,869,99,960,600,20
0,-2,0,-0.0,-2.0,1.1400609016418457,44.91812087098393,1,-10,-54,869,99,960,600,20
-1,-2,0,-1.0,-2.0,1.1473138332366943,42.773099207835045,1,-9,-52,869,99,960,600,20
0,-2,0,-0.0,-2.0,1.155282974243164,40.80354318352215,1,-9,-50,869,99,960,600,20
-1,-1,0,-1.0,-1.0,1.163421869277954,39.64876634922564,1,-8,-49,869,99,960,600,20
0,-2,0,-0.0,-2.0,1.1711947917938232,37.67598976424087,1,-8,-47,869,99,960,600,20
-1,-2,0,-1.0,-2.0,1.1793169975280762,35.5411901469428,1,-7,-45,869,99,960,600,20
-1,-1,0,-1.0,-1.0,1.1871709823608398,34.40720662234904,1,-6,-44,869,99,960,600,20
0,-2,0,-0.0,-2.0,1.1951868534088135,32.42640687119285,1,-6,-42,869,99,960,600,20
-1,-3,0,-1.0,-3.0,1.203131914138794,29.319206502675,1,-5,-39,869,99,960,600,20
-1,-2,0,-1.0,-2.0,1.2115979194641113,27.21558813185679,1,-4,-37,869,99,960,600,20
-1,-3,0,-1.0,-3.0,1.219208002090454,24.132096331752024,1,-3,-34,869,99,960,600,20
0,-2,0,-0.0,-2.0,1.2271618843078613,22.140317359976393,1,-3,-32,869,99,960,600,20
-1,-2,0,-1.0,-2.0,1.2351830005645752,20.066592756745816,1,-2,-30,869,99,960,600,20
0,-1,0,-0.0,-1.0,1.243124008178711,19.068883707497267,1,-2,-29,869,99,960,600,20
-1,-2,0,-1.0,-2.0,1.2512428760528564,17.018512172212592,1,-1,-27,869,99,960,600,20
0,-2,0,-0.0,-2.0,1.2591018676757812,15.019992006393608,1,-1,-25,869,99,960,600,20
-1,-1,0,-1.0,-1.0,1.2671618461608887,14.0,1,0,-24,869,99,960,600,20
-1,-1,0,-1.0,-1.0,1.275251865386963,13.021728866442675,1,1,-23,869,99,960,600,20
0,-2,0,-0.0,-2.0,1.2832369804382324,11.02379604162864,1,1,-21,869,99,960,600,20
-1,-2,0,-1.0,-2.0,1.2911570072174072,9.104973174542799,1,2,-19,869,99,960,600,20
-1,-2,0,-1.0,-2.0,1.2991700172424316,7.262676501632068,1,3,-17,869,99,960,600,20
-1,-2,0,-1.0,-2.0,1.3072149753570557,5.524174696260024,1,4,-15,869,99,960,600,20
-1,-2,0,-1.0,-2.0,1.3150839805603027,3.928388277184119,1,5,-13,869,99,960,600,20
-1,-2,0,-1.0,-2.0,1.3232009410858154,2.5299640861416677,1,6,-11,869,99,960,600,20
-1,-2,0,-1.0,-2.0,1.3312129974365234,1.4017542509913792,1,7,-9,869,99,960,600,20
-2,-2,0,-2.0,-2.0,1.3391859531402588,1.4017542509913792,1,9,-7,869,99,960,600,20
-2,-1,0,-2.0,-1.0,1.3471558094024658,2.5299640861416677,1,11,-6,869,99,960,600,20
0,0,1,-0.0,-0.0,1.3691279888153076,2.5299640861416677,1,11,-6,869,99,960,600,20
0,0,0,-0.0,-0.0,0.07413339614868164,636.213055256817,2,-352,555,506,660,858,105,43
-2,0,0,-2.0,-0.0,0.15830540657043457,635.1440390645944,2,-350,555,506,660,858,105,43
-5,5,0,-5.0,5.0,0.1662614345550537,628.2495668077107,2,-345,550,506,660,858,105,43
-6,6,0,-6.0,6.0,0.17425036430358887,619.9812789777873,2,-339,544,506,660,858,105,43
-9,8,0,-9.0,8.0,0.18227934837341309,608.4410218598721,2,-330,536,506,660,858,105,43
-10,11,0,-10.0,11.0,0.19028139114379883,593.837376872942,2,-320,525,506,660,858,105,43
-11,14,0,-11.0,14.0,0.1988372802734375,576.1616196642245,2,-309,511,506,660,858,105,43
-9,15,0,-9.0,15.0,0.20629143714904785,558.6688709944669,2,-300,496,506,660,858,105,43
-11,16,0,-11.0,16.0,0.21420049667358398,539.2865338378213,2,-289,480,506,660,858,105,43
-12,16,0,-12.0,16.0,0.22243547439575195,519.3933752369657,2,-277,464,506,660,858,105,43
-10,15,0,-10.0,15.0,0.23034238815307617,501.3887441360122,2,-267,449,506,660,858,105,43
-11,16,0,-11.0,16.0,0.23833942413330078,482.0159043211258,2,-256,433,506,660,858,105,43
-10,14,0,-10.0,14.0,0.2463083267211914,464.8775565921933,2,-246,419,506,660,858,105,43
-10,13,0,-10.0,13.0,0.25435733795166016,448.6083474556218,2,-236,406,506,660,858,105,43
-8,12,0,-8.0,12.0,0.2623462677001953,434.2142352782918,2,-228,394,506,660,858,105,43
-8,13,0,-8.0,13.0,0.27031826972961426,418.95567958602373,2,-220,381,506,660,858,105,43
-10,17,0,-10.0,17.0,0.2782864570617676,399.23326855450176,2,-210,364,506,660,858,105,43
-12,20,0,-12.0,20.0,0.28627443313598633,375.9130887234635,2,-198,344,506,660,858,105,43
-13,20,0,-13.0,20.0,0.29430127143859863,352.0965022618143,2,-185,324,506,660,858,105,43
-13,19,0,-13.0,19.0,0.30231142044067383,329.15567966263234,2,-172,305,506,660,858,105,43
-11,17,0,-11.0,17.0,0.3103034496307373,308.946965435356,2,-161,288,506,660,858,105,43
-9,15,0,-9.0,15.0,0.3181934356689453,291.4627977855924,2,-152,273,506,660,858,105,43
-5,10,0,-5.0,10.0,0.3263363838195801,280.2938764727886,2,-147,263,506,660,858,105,43
-3,8,0,-3.0,8.0,0.33429527282714844,271.8497908484826,2,-144,255,506,660,858,105,43
-2,5,0,-2.0,5.0,0.3422262668609619,266.51347794494785,2,-142,250,506,660,858,105,43
0,4,0,-0.0,4.0,0.3503413200378418,263.0422503783548,2,-142,246,506,660,858,105,43
-1,3,0,-1.0,3.0,0.3583405017852783,259.94483444263574,2,-141,243,506,660,858,105,43
-1,1,0,-1.0,1.0,0.36631035804748535,258.5782538038322,2,-140,242,506,660,858,105,43
0,1,0,-0.0,1.0,0.3743174076080322,257.71311415145146,2,-140,241,506,660,858,105,43
-1,0,0,-1.0,-0.0,0.4303584098815918,257.21214926742505,2,-139,241,506,660,858,105,43
-1,0,0,-1.0,-0.0,0.44629549980163574,256.71388153997634,2,-138,241,506,660,858,105,43
-1,2,0,-1.0,2.0,0.4543023109436035,254.48139683107462,2,-137,239,506,660,858,105,43
-3,2,0,-3.0,2.0,0.4623093605041504,251.2590678012396,2,-134,237,506,660,858,105,43
-2,4,0,-2.0,4.0,0.4703483581542969,246.79283037452666,2,-132,233,506,660,858,105,43
-4,5,0,-4.0,5.0,0.47846341133117676,240.47275192646748,2,-128,228,506,660,858,105,43
-4,6,0,-4.0,6.0,0.4862654209136963,233.2833065696606,2,-124,222,506,660,858,105,43
-5,6,0,-5.0,6.0,0.4944794178009033,225.61102976144437,2,-119,216,506,660,858,105,43
-5,8,0,-5.0,8.0,0.5022344589233398,216.19190542680835,2,-114,208,506,660,858,105,43
-5,8,0,-5.0,8.0,0.5103263854980469,206.7740108089595,2,-109,200,506,660,858,105,43
-4,8,0,-4.0,8.0,0.5182254314422607,197.8355546980426,2,-105,192,506,660,858,105,43
-5,9,0,-5.0,9.0,0.5262784957885742,187.54016399725018,2,-100,183,506,660,858,105,43
-6,9,0,-6.0,9.0,0.5343613624572754,176.76754030932378,2,-94,174,506,660,858,105,43
-5,10,0,-5.0,10.0,0.542372465133667,165.59314028120113,2,-89,164,506,660,858,105,43
-3,11,0,-3.0,11.0,0.550234317779541,154.5135322418189,2,-86,153,506,660,858,105,43
-5,13,0,-5.0,13.0,0.5581662654876709,140.74362429474616,2,-81,140,506,660,858,105,43
-4,10,0,-4.0,10.0,0.5663673877716064,130.09268678529745,2,-77,130,506,660,858,105,43
-3,8,0,-3.0,8.0,0.5742974281311035,121.68847185389575,2,-74,122,506,660,858,105,43
-3,8,0,-3.0,8.0,0.5823023319244385,113.30189872075525,2,-71,114,506,660,858,105,43
-4,7,0,-4.0,7.0,0.5902764797210693,105.24579200908045,2,-67,107,506,660,858,105,43
-4,7,0,-4.0,7.0,0.5983664989471436,97.1905241548577,2,-63,100,506,660,858,105,43
-3,8,0,-3.0,8.0,0.6063263416290283,88.83624174196785,2,-60,92,506,660,858,105,43
-5,7,0,-5.0,7.0,0.6143374443054199,80.24228365658294,2,-55,85,506,660,858,105,43
-4,8,0,-4.0,8.0,0.6225354671478271,71.35799911215054,2,-51,77,506,660,858,105,43
-4,6,0,-4.0,6.0,0.6303234100341797,64.14693182963201,2,-47,71,506,660,858,105,43
-3,5,0,-3.0,5.0,0.6383204460144043,58.32212806020776,2,-44,66,506,660,858,105,43
-2,4,0,-2.0,4.0,0.6462633609771729,53.88658090739622,2,-42,62,506,660,858,105,43
-2,4,0,-2.0,4.0,0.6543114185333252,49.45565981523414,2,-40,58,506,660,858,105,43
-2,2,0,-2.0,2.0,0.6623153686523438,46.675697262754525,2,-38,56,506,660,858,105,43
-2,3,0,-2.0,3.0,0.6708652973175049,43.07027391856539,2,-36,53,506,660,858,105,43
-2,2,0,-2.0,2.0,0.6786103248596191,40.29437168288782,2,-34,51,506,660,858,105,43
-2,2,0,-2.0,2.0,0.686617374420166,37.52349955359813,2,-32,49,506,660,858,105,43
-2,2,0,-2.0,2.0,0.6946084499359131,34.758407437802596,2,-30,47,506,660,858,105,43
-2,1,0,-2.0,1.0,0.7024013996124268,32.85164807134504,2,-28,46,506,660,858,105,43
-1,1,0,-1.0,1.0,0.7102832794189453,31.478567053607705,2,-27,45,506,660,858,105,43
-1,2,0,-1.0,2.0,0.7184414863586426,29.24937810560445,2,-26,43,506,660,858,105,43
-1,1,0,-1.0,1.0,0.7263293266296387,27.877397639399746,2,-25,42,506,660,858,105,43
-2,2,0,-2.0,2.0,0.7347393035888672,25.14108798023731,2,-23,40,506,660,858,105,43
-3,3,0,-3.0,3.0,0.7424094676971436,21.059481689626182,2,-20,37,506,660,858,105,43
-3,3,0,-3.0,3.0,0.7504563331604004,17.013155617496423,2,-17,34,506,660,858,105,43
-4,4,0,-4.0,4.0,0.7582874298095703,11.695565448543633,2,-13,30,506,660,858,105,43
-3,3,0,-3.0,3.0,0.7664124965667725,7.792360097775937,2,-10,27,506,660,858,105,43
-3,3,0,-3.0,3.0,0.7742893695831299,4.0,2,-7,24,506,660,858,105,43
-2,3,0,-2.0,3.0,0.7823503017425537,0.587033144922902,2,-5,21,506,660,858,105,43
-3,4,0,-3.0,4.0,0.7902553081512451,-3.88275723137631,2,-2,17,506,660,858,105,43
-3,4,0,-3.0,4.0,0.7983653545379639,-7.961595189594702,2,1,13,506,660,858,105,43
-4,3,0,-4.0,3.0,0.8068773746490479,-9.819660112501051,2,5,10,506,660,858,105,43
-3,4,0,-3.0,4.0,0.8146984577178955,-11.0,2,8,6,506,660,858,105,43
-2,2,0,-2.0,2.0,0.8223633766174316,-10.229670385730993,2,10,4,506,660,858,105,43
-1,2,0,-1.0,2.0,0.8305432796478271,-9.819660112501051,2,11,2,506,660,858,105,43
-1,2,0,-1.0,2.0,0.8385133743286133,-9.0,2,12,0,506,660,858,105,43
-1,1,0,-1.0,1.0,0.8464334011077881,-7.961595189594702,2,13,-1,506,660,858,105,43
-1,2,0,-1.0,2.0,0.8544414043426514,-6.682178936723647,2,14,-3,506,660,858,105,43
0,0,1,-0.0,-0.0,0.856175422668457,-6.682178936723647,2,14,-3,506,660,858,105,43
0,0,0,-0.0,-0.0,0.0719747543334961,781.7456282766252,3,598,-543,1090,120,492,663,52
-1,0,0,-1.0,-0.0,0.12325191497802734,782.4862398334309,3,599,-543,1090,120,492,663,52
-1,0,0,-1.0,-0.0,0.1551668643951416,783.2274093232384,3,600,-543,1090,120,492,663,52
-1,0,0,-1.0,-0.0,0.16313576698303223,783.9691352144229,3,601,-543,1090,120,492,663,52
3,0,0,3.0,-0.0,0.19525480270385742,781.7456282766252,3,598,-543,1090,120,492,663,52
6,-3,0,6.0,-3.0,0.20315980911254883,775.2889616112279,3,592,-540,1090,120,492,663,52
9,-6,0,9.0,-6.0,0.2111067771911621,764.5978750287658,3,583,-534,1090,120,492,663,52
11,-10,0,11.0,-10.0,0.21911978721618652,749.7319124542963,3,572,-524,1090,120,492,663,52
13,-12,0,13.0,-12.0,0.22703886032104492,732.0402363990977,3,559,-512,1090,120,492,663,52
16,-12,0,16.0,-12.0,0.23501181602478027,712.1388758221585,3,543,-500,1090,120,492,663,52
19,-13,0,19.0,-13.0,0.24303483963012695,689.3635439411208,3,524,-487,1090,120,492,663,52
21,-14,0,21.0,-14.0,0.2510857582092285,664.4621640611454,3,503,-473,1090,120,492,663,52
23,-16,0,23.0,-16.0,0.2600247859954834,636.7586287631418,3,480,-457,1090,120,492,663,52
25,-17,0,25.0,-17.0,0.26728391647338867,606.9494450586081,3,455,-440,1090,120,492,663,52
28,-21,0,28.0,-21.0,0.2753016948699951,572.2390826417144,3,427,-419,1090,120,492,663,52
30,-22,0,30.0,-22.0,0.28307676315307617,535.4427842621187,3,397,-397,1090,120,492,663,52
27,-22,0,27.0,-22.0,0.29106688499450684,500.806416058119,3,370,-375,1090,120,492,663,52
27,-21,0,27.0,-21.0,0.2992098331451416,466.9147999401114,3,343,-354,1090,120,492,663,52
23,-20,0,23.0,-20.0,0.30716586112976074,436.5537806569091,3,320,-334,1090,120,492,663,52
22,-20,0,22.0,-20.0,0.31510186195373535,406.89721643826726,3,298,-314,1090,120,492,663,52
19,-21,0,19.0,-21.0,0.32327771186828613,378.5862083660292,3,279,-293,1090,120,492,663,52
18,-22,0,18.0,-22.0,0.33139967918395996,350.2472591262294,3,261,-271,1090,120,492,663,52
16,-21,0,16.0,-21.0,0.3391427993774414,324.03571246374275,3,245,-250,1090,120,492,663,52
14,-19,0,14.0,-19.0,0.3471198081970215,300.683332908185,3,231,-231,1090,120,492,663,52
9,-14,0,9.0,-14.0,0.3550388813018799,284.4400103079498,3,222,-217,1090,120,492,663,52
7,-10,0,7.0,-10.0,0.3632218837738037,272.4526763156933,3,215,-207,1090,120,492,663,52
6,-6,0,6.0,-6.0,0.37107372283935547,263.968963856479,3,209,-201,1090,120,492,663,52
4,-4,0,4.0,-4.0,0.37941479682922363,258.3132075722125,3,205,-197,1090,120,492,663,52
3,-3,0,3.0,-3.0,0.38739991188049316,254.07141946296485,3,202,-194,1090,120,492,663,52
4,-2,0,4.0,-2.0,0.39514589309692383,249.80427842946887,3,198,-192,1090,120,492,663,52
3,-3,0,3.0,-3.0,0.4030497074127197,245.56214758320056,3,195,-189,1090,120,492,663,52
3,-2,0,3.0,-2.0,0.4110898971557617,242.01679051880313,3,192,-187,1090,120,492,663,52
2,-2,0,2.0,-2.0,0.4192047119140625,239.18861212352238,3,190,-185,1090,120,492,663,52
3,-2,0,3.0,-2.0,0.42709779739379883,235.64479738760332,3,187,-183,1090,120,492,663,52
3,-2,0,3.0,-2.0,0.43523168563842773,232.10269274069964,3,184,-181,1090,120,492,663,52
5,-1,0,5.0,-1.0,0.44347476959228516,227.85231927244627,3,179,-180,1090,120,492,663,52
4,-1,0,4.0,-1.0,0.4511098861694336,224.33177984426987,3,175,-179,1090,120,492,663,52
4,-2,0,4.0,-2.0,0.45905280113220215,220.1097316239242,3,171,-177,1090,120,492,663,52
6,-2,0,6.0,-2.0,0.46704578399658203,214.52026941611388,3,165,-175,1090,120,492,663,52
6,-4,0,6.0,-4.0,0.47511887550354004,207.49946466748057,3,159,-171,1090,120,492,663,52
7,-3,0,7.0,-3.0,0.4834098815917969,200.55683613610074,3,152,-168,1090,120,492,663,52
5,-5,0,5.0,-5.0,0.4912228584289551,193.49487465542333,3,147,-163,1090,120,492,663,52
5,-3,0,5.0,-3.0,0.49915385246276855,187.92522057952868,3,142,-160,1090,120,492,663,52
4,-4,0,4.0,-4.0,0.5070648193359375,182.2786594925174,3,138,-156,1090,120,492,663,52
5,-4,0,5.0,-4.0,0.51513671875,175.97277044195835,3,133,-152,1090,120,492,663,52
6,-5,0,6.0,-5.0,0.5229318141937256,168.26270872197782,3,127,-147,1090,120,492,663,52
5,-5,0,5.0,-5.0,0.5320048332214355,161.21111078138497,3,122,-142,1090,120,492,663,52
7,-6,0,7.0,-6.0,0.5392038822174072,152.10390225932727,3,115,-136,1090,120,492,663,52
6,-6,0,6.0,-6.0,0.5471549034118652,143.64963896218583,3,109,-130,1090,120,492,663,52
6,-6,0,6.0,-6.0,0.5550336837768555,135.19863522995473,3,103,-124,1090,120,492,663,52
5,-7,0,5.0,-7.0,0.5631318092346191,126.62044423995101,3,98,-117,1090,120,492,663,52
7,-7,0,7.0,-7.0,0.5711407661437988,116.76203977248295,3,91,-110,1090,120,492,663,52
5,-8,0,5.0,-8.0,0.5790207386016846,107.41664064126334,3,86,-102,1090,120,492,663,52
5,-7,0,5.0,-7.0,0.5871078968048096,98.84390253432484,3,81,-95,1090,120,492,663,52
5,-6,0,5.0,-6.0,0.5949857234954834,91.0341830406826,3,76,-89,1090,120,492,663,52
5,-7,0,5.0,-7.0,0.6030027866363525,82.4665847162157,3,71,-82,1090,120,492,663,52
6,-6,0,6.0,-6.0,0.6111917495727539,74.00499987500625,3,65,-76,1090,120,492,663,52
5,-6,0,5.0,-6.0,0.6192257404327393,66.19544457292888,3,60,-70,1090,120,492,663,52
5,-5,0,5.0,-5.0,0.6271789073944092,59.14693182963201,3,55,-65,1090,120,492,663,52
4,-5,0,4.0,-5.0,0.6350526809692383,52.746428490440124,3,51,-60,1090,120,492,663,52
4,-4,0,4.0,-4.0,0.6431927680969238,47.109506905736964,3,47,-56,1090,120,492,663,52
5,-4,0,5.0,-4.0,0.6510987281799316,40.84309986827361,3,42,-52,1090,120,492,663,52
6,-4,0,6.0,-4.0,0.6590697765350342,34.0,3,36,-48,1090,120,492,663,52
6,-4,0,6.0,-4.0,0.667691707611084,27.254107822777392,3,30,-44,1090,120,492,663,52
6,-3,0,6.0,-3.0,0.6753647327423096,21.507894080878813,3,24,-41,1090,120,492,663,52
5,-4,0,5.0,-4.0,0.6830637454986572,15.593268686170845,3,19,-37,1090,120,492,663,52
4,-3,0,4.0,-3.0,0.6913318634033203,11.16180835212409,3,15,-34,1090,120,492,663,52
3,-2,0,3.0,-2.0,0.6991877555847168,8.176014981270121,3,12,-32,1090,120,492,663,52
3,-2,0,3.0,-2.0,0.7071578502655029,5.32091952673165,3,9,-30,1090,120,492,663,52
2,-2,0,2.0,-2.0,0.7150528430938721,2.861739379323623,3,7,-28,1090,120,492,663,52
3,-1,0,3.0,-1.0,0.7229146957397461,1.2946881279123623,3,4,-27,1090,120,492,663,52
2,-2,0,2.0,-2.0,0.7310757637023926,-0.9201275920310934,3,2,-25,1090,120,492,663,52
2,-1,0,2.0,-1.0,0.7389917373657227,-2.0,3,0,-24,1090,120,492,663,52
2,-1,0,2.0,-1.0,0.7471137046813965,-2.9132072387696084,3,-2,-23,1090,120,492,663,52
1,-1,0,1.0,-1.0,0.7551887035369873,-3.7963966888254816,3,-3,-22,1090,120,492,663,52
0,0,1,-0.0,-0.0,0.7920968532562256,-3.7963966888254816,3,-3,-22,1090,120,492,663,52
0,0,0,-0.0,-0.0,0.07701706886291504,783.1352753744221,4,-139,790,954,932,1093,142,39
-1,0,0,-1.0,-0.0,0.14818120002746582,782.9625926438215,4,-138,790,954,932,1093,142,39
-3,2,0,-3.0,2.0,0.1561112403869629,780.4804562964625,4,-135,788,954,932,1093,142,39
-6,4,0,-6.0,4.0,0.16394400596618652,775.5420064414467,4,-129,784,954,932,1093,142,39
-8,6,0,-8.0,6.0,0.17210721969604492,768.3531609131953,4,-121,778,954,932,1093,142,39
-9,8,0,-9.0,8.0,0.18010711669921875,759.1028209690542,4,-112,770,954,932,1093,142,39
-9,10,0,-9.0,10.0,0.1880180835723877,747.9478469883073,4,-103,760,954,932,1093,142,39
-11,14,0,-11.0,14.0,0.19604206085205078,732.6515149988059,4,-92,746,954,932,1093,142,39
-11,16,0,-11.0,16.0,0.2040691375732422,715.4800882256782,4,-81,730,954,932,1093,142,39
-10,20,0,-10.0,20.0,0.21205520629882812,694.5411690995832,4,-71,710,954,932,1093,142,39
-9,19,0,-9.0,19.0,0.22025203704833984,674.7759004174186,4,-62,691,954,932,1093,142,39
-8,20,0,-8.0,20.0,0.22808003425598145,654.1693694754687,4,-54,671,954,932,1093,142,39
-7,22,0,-7.0,22.0,0.23605108261108398,631.6996234822947,4,-47,649,954,932,1093,142,39
-6,23,0,-6.0,23.0,0.244096040725708,608.3412149699715,4,-41,626,954,932,1093,142,39
-5,23,0,-5.0,23.0,0.2520561218261719,585.0736710037941,4,-36,603,954,932,1093,142,39
-5,22,0,-5.0,22.0,0.2600710391998291,562.8264346005602,4,-31,581,954,932,1093,142,39
-6,23,0,-6.0,23.0,0.26806116104125977,539.5597550844493,4,-25,558,954,932,1093,142,39
-4,23,0,-4.0,23.0,0.27605605125427246,516.4119909004654,4,-21,535,954,932,1093,142,39
-4,22,0,-4.0,22.0,0.28406500816345215,494.28159912469096,4,-17,513,954,932,1093,142,39
-2,24,0,-2.0,24.0,0.2920260429382324,470.23000725630067,4,-15,489,954,932,1093,142,39
-1,20,0,-1.0,20.0,0.2999260425567627,450.208908696329,4,-14,469,954,932,1093,142,39
0,21,0,-0.0,21.0,0.30807018280029297,429.2186966202994,4,-14,448,954,932,1093,142,39
0,20,0,-0.0,20.0,0.3160231113433838,409.2289107475113,4,-14,428,954,932,1093,142,39
0,18,0,-0.0,18.0,0.3239572048187256,391.23895475685873,4,-14,410,954,932,1093,142,39
1,16,0,1.0,16.0,0.33211517333984375,375.2854296065225,4,-15,394,954,932,1093,142,39
0,14,0,-0.0,14.0,0.3401641845703125,361.2959373961284,4,-15,380,954,932,1093,142,39
1,13,0,1.0,13.0,0.3480820655822754,348.3486082728503,4,-16,367,954,932,1093,142,39
0,10,0,-0.0,10.0,0.35605907440185547,338.3583635512117,4,-16,357,954,932,1093,142,39
1,10,0,1.0,10.0,0.36402106285095215,328.41617694056794,4,-17,347,954,932,1093,142,39
1,8,0,1.0,8.0,0.3721010684967041,320.4775397577872,4,-18,339,954,932,1093,142,39
0,7,0,-0.0,7.0,0.3800370693206787,313.48759375351136,4,-18,332,954,932,1093,142,39
0,5,0,-0.0,5.0,0.387890100479126,308.4950381303509,4,-18,327,954,932,1093,142,39
1,5,0,1.0,5.0,0.3959481716156006,303.56007192459515,4,-19,322,954,932,1093,142,39
1,4,0,1.0,4.0,0.40387606620788574,299.62831010442244,4,-20,318,954,932,1093,142,39
0,3,0,-0.0,3.0,0.41190505027770996,296.6342820417326,4,-20,315,954,932,1093,142,39
1,3,0,1.0,3.0,0.41997623443603516,293.70593214712125,4,-21,312,954,932,1093,142,39
0,2,0,-0.0,2.0,0.4279780387878418,291.7104761671225,4,-21,310,954,932,1093,142,39
0,3,0,-0.0,3.0,0.43603515625,288.7174028227848,4,-21,307,954,932,1093,142,39
0,5,0,-0.0,5.0,0.4439730644226074,283.72925197278175,4,-21,302,954,932,1093,142,39
0,5,0,-0.0,5.0,0.4520280361175537,278.7414986191881,4,-21,297,954,932,1093,142,39
0,8,0,-0.0,8.0,0.4599590301513672,270.76197127987655,4,-21,289,954,932,1093,142,39
-1,7,0,-1.0,7.0,0.46811723709106445,263.7083302628347,4,-20,282,954,932,1093,142,39
-1,8,0,-1.0,8.0,0.47610020637512207,255.65796911795587,4,-19,274,954,932,1093,142,39
-1,7,0,-1.0,7.0,0.48407602310180664,248.6060537431842,4,-18,267,954,932,1093,142,39
0,8,0,-0.0,8.0,0.4923062324523926,240.6247291765559,4,-18,259,954,932,1093,142,39
-1,7,0,-1.0,7.0,0.5000030994415283,233.57276179350774,4,-17,252,954,932,1093,142,39
0,6,0,-0.0,6.0,0.5079250335693359,227.5866987491418,4,-17,246,954,932,1093,142,39
0,7,0,-0.0,7.0,0.5160892009735107,220.60383970212163,4,-17,239,954,932,1093,142,39
0,8,0,-0.0,8.0,0.5240390300750732,212.62469643800938,4,-17,231,954,932,1093,142,39
0,9,0,-0.0,9.0,0.5321531295776367,203.64994947226015,4,-17,222,954,932,1093,142,39
-1,10,0,-1.0,10.0,0.5404281616210938,193.60291625469299,4,-16,212,954,932,1093,142,39
-1,12,0,-1.0,12.0,0.5480151176452637,181.5617112013158,4,-15,200,954,932,1093,142,39
-1,12,0,-1.0,12.0,0.5560600757598877,169.52055590836773,4,-14,188,954,932,1093,142,39
-1,11,0,-1.0,11.0,0.5642001628875732,158.47675904185314,4,-13,177,954,932,1093,142,39
-2,10,0,-2.0,10.0,0.5721561908721924,148.36188335460378,4,-11,167,954,932,1093,142,39
0,9,0,-0.0,9.0,0.5800631046295166,139.38244852255568,4,-11,158,954,932,1093,142,39
-1,8,0,-1.0,8.0,0.5880930423736572,131.33296378372907,4,-10,150,954,932,1093,142,39
-1,8,0,-1.0,8.0,0.596074104309082,123.28492541376264,4,-9,142,954,932,1093,142,39
-1,8,0,-1.0,8.0,0.6039550304412842,115.23859355639868,4,-8,134,954,932,1093,142,39
-2,7,0,-2.0,7.0,0.6121830940246582,108.1416532848303,4,-6,127,954,932,1093,142,39
-3,6,0,-3.0,6.0,0.6203501224517822,102.03718436910205,4,-3,121,954,932,1093,142,39
-3,7,0,-3.0,7.0,0.628350019454956,95.0,4,0,114,954,932,1093,142,39
-2,8,0,-2.0,8.0,0.6363101005554199,87.01886624558857,4,2,106,954,932,1093,142,39
-2,7,0,-2.0,7.0,0.6442511081695557,80.08077512817509,4,4,99,954,932,1093,142,39
-2,7,0,-2.0,7.0,0.6520771980285645,73.19544457292888,4,6,92,954,932,1093,142,39
-3,8,0,-3.0,8.0,0.6599352359771729,65.48076704197234,4,9,84,954,932,1093,142,39
-2,7,0,-2.0,7.0,0.6681151390075684,58.78174593052023,4,11,77,954,932,1093,142,39
-3,6,0,-3.0,6.0,0.6762480735778809,53.367119605522504,4,14,71,954,932,1093,142,39
-2,6,0,-2.0,6.0,0.6844041347503662,47.94027188471824,4,16,65,954,932,1093,142,39
-2,4,0,-2.0,4.0,0.6921210289001465,44.60031446463138,4,18,61,954,932,1093,142,39
-1,5,0,-1.0,5.0,0.7001221179962158,40.135437767890075,4,19,56,954,932,1093,142,39
-2,4,0,-2.0,4.0,0.7081351280212402,37.08029957123981,4,21,52,954,932,1093,142,39
0,3,0,-0.0,3.0,0.7162442207336426,34.31041174104736,4,21,49,954,932,1093,142,39
-1,3,0,-1.0,3.0,0.7240660190582275,31.99019513592785,4,22,46,954,932,1093,142,39
-1,3,0,-1.0,3.0,0.7320621013641357,29.764741360946438,4,23,43,954,932,1093,142,39
0,3,0,-0.0,3.0,0.7400801181793213,27.14108798023731,4,23,40,954,932,1093,142,39
-2,4,0,-2.0,4.0,0.7481880187988281,24.829214001622255,4,25,36,954,932,1093,142,39
0,2,0,-0.0,2.0,0.7561590671539307,23.201895692018383,4,25,34,954,932,1093,142,39
0,3,0,-0.0,3.0,0.7642240524291992,20.824615503479755,4,25,31,954,932,1093,142,39
0,2,0,-0.0,2.0,0.7720952033996582,19.288379438153292,4,25,29,954,932,1093,142,39
0,2,0,-0.0,2.0,0.7800860404968262,17.796738985948195,4,25,27,954,932,1093,142,39
0,2,0,-0.0,2.0,0.7879130840301514,16.355339059327378,4,25,25,954,932,1093,142,39
0,2,0,-0.0,2.0,0.7959442138671875,14.97057550292606,4,25,23,954,932,1093,142,39
0,2,0,-0.0,2.0,0.804091215133667,13.649655434629018,4,25,21,954,932,1093,142,39
0,2,0,-0.0,2.0,0.8121612071990967,12.400636936215164,4,25,19,954,932,1093,142,39
1,2,0,1.0,2.0,0.8201310634613037,10.410882339705484,4,24,17,954,932,1093,142,39
0,2,0,-0.0,2.0,0.8288211822509766,9.301943396169811,4,24,15,954,932,1093,142,39
0,3,0,-0.0,3.0,0.836151123046875,7.832815729997478,4,24,12,954,932,1093,142,39
1,3,0,1.0,3.0,0.8444881439208984,5.698178070456937,4,23,9,954,932,1093,142,39
0,3,0,-0.0,3.0,0.8521161079406738,4.769728648009426,4,23,6,954,932,1093,142,39
1,3,0,1.0,3.0,0.8600242137908936,3.2036033111745184,4,22,3,954,932,1093,142,39
0,3,0,-0.0,3.0,0.8680071830749512,3.0,4,22,0,954,932,1093,142,39
0,2,0,-0.0,2.0,0.8760871887207031,3.0907220343745223,4,22,-2,954,932,1093,142,39
1,3,0,1.0,3.0,0.8840210437774658,2.587033144922902,4,21,-5,954,932,1093,142,39
0,1,0,-0.0,1.0,0.892827033996582,2.840329667841555,4,21,-6,954,932,1093,142,39
0,1,0,-0.0,1.0,0.9002161026000977,3.1359436211786544,4,21,-7,954,932,1093,142,39
1,0,0,1.0,-0.0,0.9162020683288574,2.189620100417091,4,20,-7,954,932,1093,142,39
0,0,1,-0.0,-0.0,0.9341950416564941,2.189620100417091,4,20,-7,954,932,1093,142,39
0,0,0,-0.0,-0.0,0.07037067413330078,99.10412149464314,5,93,-76,1027,863,934,939,43
0,-1,0,-0.0,-1.0,0.07544970512390137,98.47384651043926,5,93,-75,1027,863,934,939,43
0,-2,0,-0.0,-2.0,0.09141159057617188,97.2285921425101,5,93,-73,1027,863,934,939,43
0,-2,0,-0.0,-2.0,0.0994267463684082,96.00427342623003,5,93,-71,1027,863,934,939,43
0,-2,0,-0.0,-2.0,0.10837960243225098,94.80155439371269,5,93,-69,1027,863,934,939,43
0,-1,0,-0.0,-1.0,0.11568951606750488,94.20850663036997,5,93,-68,1027,863,934,939,43
0,-2,0,-0.0,-2.0,0.12357258796691895,93.03946685248927,5,93,-66,1027,863,934,939,43
0,-1,0,-0.0,-1.0,0.13158655166625977,92.46365056704283,5,93,-65,1027,863,934,939,43
0,-2,0,-0.0,-2.0,0.1394186019897461,91.32987136109433,5,93,-63,1027,863,934,939,43
1,-3,0,1.0,-3.0,0.14734268188476562,88.83624174196785,5,92,-60,1027,863,934,939,43
1,-2,0,1.0,-2.0,0.1555635929107666,86.91200118615167,5,91,-58,1027,863,934,939,43
1,-2,0,1.0,-2.0,0.16336965560913086,85.0,5,90,-56,1027,863,934,939,43
2,-5,0,2.0,-5.0,0.1714797019958496,80.71037311896953,5,88,-51,1027,863,934,939,43
3,-3,0,3.0,-3.0,0.1799015998840332,76.6165969494942,5,85,-48,1027,863,934,939,43
3,-5,0,3.0,-5.0,0.18751764297485352,71.59049627256569,5,82,-43,1027,863,934,939,43
5,-4,0,5.0,-4.0,0.19549059867858887,65.31338250816034,5,77,-39,1027,863,934,939,43
5,-5,0,5.0,-5.0,0.20334959030151367,58.62411694957753,5,72,-34,1027,863,934,939,43
6,-5,0,6.0,-5.0,0.21129965782165527,51.09022125087424,5,66,-29,1027,863,934,939,43
4,-5,0,4.0,-5.0,0.21924853324890137,45.483080554378645,5,62,-24,1027,863,934,939,43
5,-5,0,5.0,-5.0,0.2272787094116211,39.08327554319921,5,57,-19,1027,863,934,939,43
6,-4,0,6.0,-4.0,0.23536157608032227,32.16013544000805,5,51,-15,1027,863,934,939,43
6,-4,0,6.0,-4.0,0.24347972869873047,25.32493928760188,5,45,-11,1027,863,934,939,43
8,-4,0,8.0,-4.0,0.25150156021118164,16.656340767525464,5,37,-7,1027,863,934,939,43
8,-4,0,8.0,-4.0,0.2594635486602783,8.154759474226502,5,29,-3,1027,863,934,939,43
9,-4,0,9.0,-4.0,0.26738953590393066,-0.9750156054992125,5,20,1,1027,863,934,939,43
10,-4,0,10.0,-4.0,0.2755916118621826,-9.819660112501051,5,10,5,1027,863,934,939,43
8,-2,0,8.0,-2.0,0.2834486961364746,-13.719890110719483,5,2,7,1027,863,934,939,43
6,-2,0,6.0,-2.0,0.2913365364074707,-11.151142198203896,5,-4,9,1027,863,934,939,43
3,-1,0,3.0,-1.0,0.29933762550354004,-8.793444384266298,5,-7,10,1027,863,934,939,43
1,0,0,1.0,-0.0,0.30748772621154785,-8.193751525134303,5,-8,10,1027,863,934,939,43
1,0,0,1.0,-0.0,0.3874635696411133,-7.54637595292629,5,-9,10,1027,863,934,939,43
0,0,1,-0.0,-0.0,0.39202165603637695,-7.54637595292629,5,-9,10,1027,863,934,939,43
0,0,0,-0.0,-0.0,0.06827855110168457,704.992209588746,6,704,-53,1740,800,1036,853,3
1,-1,0,1.0,-1.0,0.14326763153076172,703.92056290053,6,703,-52,1740,800,1036,853,3
1,0,0,1.0,-0.0,0.15121960639953613,702.923291275406,6,702,-52,1740,800,1036,853,3
0,-1,0,-0.0,-1.0,0.16724157333374023,702.8501260921959,6,702,-51,1740,800,1036,853,3
1,0,0,1.0,-0.0,0.17522764205932617,701.8527584067662,6,701,-51,1740,800,1036,853,3
0,-2,0,-0.0,-2.0,0.1832265853881836,701.7104666930755,6,701,-49,1740,800,1036,853,3
0,-2,0,-0.0,-2.0,0.19182157516479492,701.5738395357458,6,701,-47,1740,800,1036,853,3
0,-1,0,-0.0,-1.0,0.19930648803710938,701.5076512038854,6,701,-46,1740,800,1036,853,3
0,-1,0,-0.0,-1.0,0.20725750923156738,701.4428802400947,6,701,-45,1740,800,1036,853,3
-1,0,0,-1.0,-0.0,0.21516060829162598,702.4408290680888,6,702,-45,1740,800,1036,853,3
1,0,0,1.0,-0.0,0.26337146759033203,701.4428802400947,6,701,-45,1740,800,1036,853,3
3,0,0,3.0,-0.0,0.2712836265563965,698.4490689106677,6,698,-45,1740,800,1036,853,3
7,-3,0,7.0,-3.0,0.27931761741638184,691.275234281857,6,691,-42,1740,800,1036,853,3
10,-2,0,10.0,-2.0,0.2871875762939453,681.1737315376487,6,681,-40,1740,800,1036,853,3
10,-3,0,10.0,-3.0,0.295304536819458,671.0193449596521,6,671,-37,1740,800,1036,853,3
13,-3,0,13.0,-3.0,0.30318355560302734,657.8778338963908,6,658,-34,1740,800,1036,853,3
15,-3,0,15.0,-3.0,0.3112456798553467,642.7468446524612,6,643,-31,1740,800,1036,853,3
23,-3,0,23.0,-3.0,0.31934261322021484,619.6319360136087,6,620,-28,1740,800,1036,853,3
29,-1,0,29.0,-1.0,0.3271496295928955,590.6164297921416,6,591,-27,1740,800,1036,853,3
32,0,0,32.0,-0.0,0.3352985382080078,558.6516773851392,6,559,-27,1740,800,1036,853,3
34,0,0,34.0,-0.0,0.3431856632232666,524.693827241675,6,525,-27,1740,800,1036,853,3
33,2,0,33.0,2.0,0.3513815402984619,491.8539337369643,6,492,-29,1740,800,1036,853,3
30,2,0,30.0,2.0,0.3591015338897705,462.03887525779083,6,462,-31,1740,800,1036,853,3
27,0,0,27.0,-0.0,0.3672025203704834,435.1031987958813,6,435,-31,1740,800,1036,853,3
24,0,0,24.0,-0.0,0.37529659271240234,411.16744170300495,6,411,-31,1740,800,1036,853,3
22,0,0,22.0,-0.0,0.3832516670227051,389.2332635744934,6,389,-31,1740,800,1036,853,3
20,0,0,20.0,-0.0,0.3913576602935791,369.2998784768907,6,369,-31,1740,800,1036,853,3
18,0,0,18.0,-0.0,0.39943766593933105,351.36628669610263,6,351,-31,1740,800,1036,853,3
18,-1,0,18.0,-1.0,0.4075145721435547,333.34862045475825,6,333,-30,1740,800,1036,853,3
16,-1,0,16.0,-1.0,0.4151484966278076,317.3237345847777,6,317,-29,1740,800,1036,853,3
15,0,0,15.0,-0.0,0.42314863204956055,302.3891889965758,6,302,-29,1740,800,1036,853,3
14,-1,0,14.0,-1.0,0.4312624931335449,288.3579098625092,6,288,-28,1740,800,1036,853,3
14,0,0,14.0,-0.0,0.4392116069793701,274.42694131112154,6,274,-28,1740,800,1036,853,3
13,-1,0,13.0,-1.0,0.447312593460083,261.39283526803854,6,261,-27,1740,800,1036,853,3
12,0,0,12.0,-0.0,0.4559345245361328,249.4595775769016,6,249,-27,1740,800,1036,853,3
11,0,0,11.0,-0.0,0.4633595943450928,238.52661647507986,6,238,-27,1740,800,1036,853,3
11,-1,0,11.0,-1.0,0.47133755683898926,227.4841351166422,6,227,-26,1740,800,1036,853,3
11,-1,0,11.0,-1.0,0.4793565273284912,216.44194627532195,6,216,-25,1740,800,1036,853,3
11,0,0,11.0,-0.0,0.48729753494262695,205.51876428063383,6,205,-25,1740,800,1036,853,3
9,0,0,9.0,-0.0,0.4952425956726074,196.58795509848267,6,196,-25,1740,800,1036,853,3
7,0,0,7.0,-0.0,0.5032336711883545,189.64626930522402,6,189,-25,1740,800,1036,853,3
5,0,0,5.0,-0.0,0.5112526416778564,184.6906028855526,6,184,-25,1740,800,1036,853,3
4,0,0,4.0,-0.0,0.5192105770111084,180.72781845386248,6,180,-25,1740,800,1036,853,3
4,1,0,4.0,1.0,0.5277855396270752,176.9100896520487,6,176,-26,1740,800,1036,853,3
4,0,0,4.0,-0.0,0.5351934432983398,172.95401691251627,6,172,-26,1740,800,1036,853,3
4,1,0,4.0,1.0,0.5433275699615479,169.1558109498468,6,168,-27,1740,800,1036,853,3
3,0,0,3.0,-0.0,0.5512335300445557,166.1944975171133,6,165,-27,1740,800,1036,853,3
6,0,0,6.0,-0.0,0.5591845512390137,160.27616066858735,6,159,-27,1740,800,1036,853,3
5,1,0,5.0,1.0,0.5672836303710938,155.52475842498527,6,154,-28,1740,800,1036,853,3
4,0,0,4.0,-0.0,0.5752995014190674,151.5909564816998,6,150,-28,1740,800,1036,853,3
3,1,0,3.0,1.0,0.5832536220550537,148.83324063771698,6,147,-29,1740,800,1036,853,3
3,0,0,3.0,-0.0,0.5913076400756836,145.8911161370898,6,144,-29,1740,800,1036,853,3
2,0,0,2.0,-0.0,0.5992486476898193,143.9310180741169,6,142,-29,1740,800,1036,853,3
3,0,0,3.0,-0.0,0.607109546661377,140.9929575718458,6,139,-29,1740,800,1036,853,3
4,0,0,4.0,-0.0,0.6153216361999512,137.07968713753664,6,135,-29,1740,800,1036,853,3
3,0,0,3.0,-0.0,0.6234135627746582,134.14806694880988,6,132,-29,1740,800,1036,853,3
2,0,0,2.0,-0.0,0.631211519241333,132.19534526401438,6,130,-29,1740,800,1036,853,3
1,0,0,1.0,-0.0,0.6392455101013184,131.21951444472938,6,129,-29,1740,800,1036,853,3
1,0,0,1.0,-0.0,0.6471555233001709,130.24404748406687,6,128,-29,1740,800,1036,853,3
2,0,0,2.0,-0.0,0.6551694869995117,128.29423807734048,6,126,-29,1740,800,1036,853,3
3,0,0,3.0,-0.0,0.6633315086364746,125.37246535539299,6,123,-29,1740,800,1036,853,3
4,-1,0,4.0,-1.0,0.6713955402374268,121.24974437601087,6,119,-28,1740,800,1036,853,3
4,0,0,4.0,-0.0,0.6791555881500244,117.35962149314267,6,115,-28,1740,800,1036,853,3
4,0,0,4.0,-0.0,0.6873745918273926,113.47707194019246,6,111,-28,1740,800,1036,853,3
6,-1,0,6.0,-1.0,0.6952435970306396,107.41586599755591,6,105,-27,1740,800,1036,853,3
5,-1,0,5.0,-1.0,0.7033436298370361,102.32473082471591,6,100,-26,1740,800,1036,853,3
4,0,0,4.0,-0.0,0.7113025188446045,98.45853407325085,6,96,-26,1740,800,1036,853,3
1,-1,0,1.0,-1.0,0.7192165851593018,97.2344135219425,6,95,-25,1740,800,1036,853,3
1,0,0,1.0,-0.0,0.7271785736083984,96.26767191621273,6,94,-25,1740,800,1036,853,3
1,-1,0,1.0,-1.0,0.7352316379547119,95.04686356149273,6,93,-24,1740,800,1036,853,3
2,0,0,2.0,-0.0,0.7431526184082031,93.11163583744573,6,91,-24,1740,800,1036,853,3
2,-1,0,2.0,-1.0,0.7515146732330322,90.92388155425118,6,89,-23,1740,800,1036,853,3
4,-1,0,4.0,-1.0,0.7592794895172119,86.80091115700337,6,85,-22,1740,800,1036,853,3
3,-2,0,3.0,-2.0,0.7672946453094482,83.40379138403677,6,82,-20,1740,800,1036,853,3
4,-1,0,4.0,-1.0,0.7752265930175781,79.2807573457052,6,78,-19,1740,800,1036,853,3
2,-1,0,2.0,-1.0,0.7832295894622803,77.10249675906654,6,76,-18,1740,800,1036,853,3
2,-1,0,2.0,-1.0,0.79117751121521,74.92759709091287,6,74,-17,1740,800,1036,853,3
2,-1,0,2.0,-1.0,0.7991964817047119,72.7563556583431,6,72,-16,1740,800,1036,853,3
3,-1,0,3.0,-1.0,0.8073296546936035,69.61161377563892,6,69,-15,1740,800,1036,853,3
3,-1,0,3.0,-1.0,0.8153905868530273,66.468511173732,6,66,-14,1740,800,1036,853,3
3,-1,0,3.0,-1.0,0.823279619216919,63.32728814430156,6,63,-13,1740,800,1036,853,3
2,-1,0,2.0,-1.0,0.831296443939209,61.16912416947821,6,61,-12,1740,800,1036,853,3
2,-1,0,2.0,-1.0,0.8391275405883789,59.01666435249463,6,59,-11,1740,800,1036,853,3
1,0,0,1.0,-0.0,0.8551864624023438,58.033888572581766,6,58,-11,1740,800,1036,853,3
2,0,0,2.0,-0.0,0.863215446472168,56.0701322935211,6,56,-11,1740,800,1036,853,3
2,-1,0,2.0,-1.0,0.8712105751037598,53.91812087098393,6,54,-10,1740,800,1036,853,3
2,-1,0,2.0,-1.0,0.8796396255493164,51.773099207835045,6,52,-9,1740,800,1036,853,3
4,-1,0,4.0,-1.0,0.8872296810150146,47.662100242385755,6,48,-8,1740,800,1036,853,3
3,-1,0,3.0,-1.0,0.8953225612640381,44.5411901469428,6,45,-7,1740,800,1036,853,3
2,-1,0,2.0,-1.0,0.9032025337219238,42.41658669218482,6,43,-6,1740,800,1036,853,3
3,0,0,3.0,-0.0,0.9112625122070312,39.44749683231337,6,40,-6,1740,800,1036,853,3
2,-1,0,2.0,-1.0,0.9191775321960449,37.3275357934736,6,38,-5,1740,800,1036,853,3
2,-1,0,2.0,-1.0,0.9272465705871582,35.22154055254967,6,36,-4,1740,800,1036,853,3
3,-1,0,3.0,-1.0,0.9352025985717773,32.13608305156178,6,33,-3,1740,800,1036,853,3
1,0,0,1.0,-0.0,0.9433004856109619,31.140317359976393,6,32,-3,1740,800,1036,853,3
2,-1,0,2.0,-1.0,0.9512984752655029,29.066592756745816,6,30,-2,1740,800,1036,853,3
2,0,0,2.0,-0.0,0.9592986106872559,27.071337695236398,6,28,-2,1740,800,1036,853,3
2,0,0,2.0,-0.0,0.967287540435791,25.076809620810597,6,26,-2,1740,800,1036,853,3
2,-1,0,2.0,-1.0,0.9752366542816162,23.020824298928627,6,24,-1,1740,800,1036,853,3
2,-1,0,2.0,-1.0,0.9832615852355957,21.0,6,22,0,1740,800,1036,853,3
2,0,0,2.0,-0.0,0.9911375045776367,19.0,6,20,0,1740,800,1036,853,3
2,-1,0,2.0,-1.0,1.0002126693725586,17.027756377319946,6,18,1,1740,800,1036,853,3
1,0,0,1.0,-0.0,1.0073745250701904,16.029386365926403,6,17,1,1740,800,1036,853,3
2,-1,0,2.0,-1.0,1.0153625011444092,14.132745950421556,6,15,2,1740,800,1036,853,3
1,0,0,1.0,-0.0,1.0234365463256836,13.142135623730951,6,14,2,1740,800,1036,853,3
2,0,0,2.0,-0.0,1.03120756149292,11.165525060596439,6,12,2,1740,800,1036,853,3
1,-1,0,1.0,-1.0,1.0392794609069824,10.40175425099138,6,11,3,1740,800,1036,853,3
2,0,0,2.0,-0.0,1.04738450050354,8.486832980505138,6,9,3,1740,800,1036,853,3
1,0,0,1.0,-0.0,1.055539608001709,7.54400374531753,6,8,3,1740,800,1036,853,3
1,0,0,1.0,-0.0,1.0633914470672607,6.615773105863909,6,7,3,1740,800,1036,853,3
0,-1,0,-0.0,-1.0,1.0713214874267578,7.062257748298549,6,7,4,1740,800,1036,853,3
1,0,0,1.0,-0.0,1.0793066024780273,6.211102550927978,6,6,4,1740,800,1036,853,3
1,0,0,1.0,-0.0,1.0873825550079346,5.4031242374328485,6,5,4,1740,800,1036,853,3
1,0,0,1.0,-0.0,1.0953686237335205,4.656854249492381,6,4,4,1740,800,1036,853,3
1,0,0,1.0,-0.0,1.1031785011291504,4.0,6,3,4,1740,800,1036,853,3
1,0,0,1.0,-0.0,1.1111936569213867,3.4721359549995796,6,2,4,1740,800,1036,853,3
1,0,0,1.0,-0.0,1.1193556785583496,3.1231056256176606,6,1,4,1740,800,1036,853,3
0,0,1,-0.0,-0.0,1.2413125038146973,3.1231056256176606,6,1,4,1740,800,1036,853,3
1,0,1,1.0,-0.0,1.2873506546020508,3.0,6,0,4,1740,800,1036,853,3
1,0,1,1.0,-0.0,1.3353016376495361,3.1231056256176606,6,-1,4,1740,800,1036,853,3
1,2,1,1.0,2.0,1.3431525230407715,1.8284271247461903,6,-2,2,1740,800,1036,853,3
0,0,0,-0.0,-0.0,1.3462276458740234,1.8284271247461903,6,-2,2,1740,800,1036,853,3
0,2,0,-0.0,2.0,1.3512544631958008,1.0,6,-2,0,1740,800,1036,853,3
1,1,0,1.0,1.0,1.3593285083770752,2.1622776601683795,6,-3,-1,1740,800,1036,853,3
0,1,0,-0.0,1.0,1.3753795623779297,2.605551275463989,6,-3,-2,1740,800,1036,853,3
1,0,0,1.0,-0.0,1.383448600769043,3.4721359549995796,6,-4,-2,1740,800,1036,853,3
0,0,1,-0.0,-0.0,1.4842455387115479,3.4721359549995796,6,-4,-2,1740,800,1036,853,3
0,0,0,-0.0,-0.0,1.5971965789794922,3.4721359549995796,6,-4,-2,1740,800,1036,853,3
-1,0,0,-1.0,-0.0,1.607182502746582,2.605551275463989,6,-3,-2,1740,800,1036,853,3
-1,0,0,-1.0,-0.0,1.6394264698028564,1.8284271247461903,6,-2,-2,1740,800,1036,853,3
0,0,1,-0.0,-0.0,1.7247226238250732,1.8284271247461903,6,-2,-2,1740,800,1036,853,3
-1,0,1,-1.0,-0.0,0.03776717185974121,1249.4515326979633,7,-1245,-258,496,544,1742,802,44
0,0,0,-0.0,-0.0,0.20466017723083496,1249.4515326979633,7,-1245,-258,496,544,1742,802,44
-2,0,0,-2.0,-0.0,0.22964930534362793,1247.493205968429,7,-1243,-258,496,544,1742,802,44
-5,1,0,-5.0,1.0,0.2377762794494629,1242.8023561015373,7,-1238,-259,496,544,1742,802,44
-7,1,0,-7.0,1.0,0.24560832977294922,1236.1577802485665,7,-1231,-260,496,544,1742,802,44
-10,0,0,-10.0,-0.0,0.2536032199859619,1226.3753441974093,7,-1221,-260,496,544,1742,802,44
-12,1,0,-12.0,1.0,0.26166534423828125,1214.8516483394442,7,-1209,-261,496,544,1742,802,44
-13,1,0,-13.0,1.0,0.2697732448577881,1202.3610578583427,7,-1196,-262,496,544,1742,802,44
-13,1,0,-13.0,1.0,0.27779316902160645,1189.8820074578218,7,-1183,-263,496,544,1742,802,44
-13,1,0,-13.0,1.0,0.2858603000640869,1177.414857336693,7,-1170,-264,496,544,1742,802,44
-15,1,0,-15.0,1.0,0.2937192916870117,1163.0105484762573,7,-1155,-265,496,544,1742,802,44
-20,0,0,-20.0,-0.0,0.30185413360595703,1143.5256324937689,7,-1135,-265,496,544,1742,802,44
-25,-3,0,-25.0,-3.0,0.3099253177642822,1118.5016440145976,7,-1110,-262,496,544,1742,802,44
-32,-4,0,-32.0,-4.0,0.31783223152160645,1086.4439543792912,7,-1078,-258,496,544,1742,802,44
-35,-5,0,-35.0,-5.0,0.3256502151489258,1051.2464768169518,7,-1043,-253,496,544,1742,802,44
-39,-5,0,-39.0,-5.0,0.3336622714996338,1012.1760004950802,7,-1004,-248,496,544,1742,802,44
-44,-5,0,-44.0,-5.0,0.3416893482208252,968.2772339097775,7,-960,-243,496,544,1742,802,44
-47,-5,0,-47.0,-5.0,0.34966611862182617,921.5109962263291,7,-913,-238,496,544,1742,802,44
-47,-6,0,-47.0,-6.0,0.35762524604797363,874.5377850375298,7,-866,-232,496,544,1742,802,44
-43,-8,0,-43.0,-8.0,0.3661322593688965,830.9390365084716,7,-823,-224,496,544,1742,802,44
-41,-7,0,-41.0,-7.0,0.3738081455230713,789.5497520177059,7,-782,-217,496,544,1742,802,44
-40,-9,0,-40.0,-9.0,0.38193726539611816,748.6023617923838,7,-742,-208,496,544,1742,802,44
-37,-9,0,-37.0,-9.0,0.38976430892944336,710.5476093742986,7,-705,-199,496,544,1742,802,44
-32,-8,0,-32.0,-8.0,0.3975851535797119,677.5784444935392,7,-673,-191,496,544,1742,802,44
-28,-9,0,-28.0,-9.0,0.4056432247161865,648.1857951344538,7,-645,-182,496,544,1742,802,44
-24,-8,0,-24.0,-8.0,0.4136061668395996,622.9162736355782,7,-621,-174,496,544,1742,802,44
-22,-8,0,-22.0,-8.0,0.42162632942199707,599.5762221964414,7,-599,-166,496,544,1742,802,44
-19,-7,0,-19.0,-7.0,0.42969632148742676,579.3992018617917,7,-580,-159,496,544,1742,802,44
-17,-7,0,-17.0,-7.0,0.4384031295776367,561.1577831084826,7,-563,-152,496,544,1742,802,44
-14,-5,0,-14.0,-5.0,0.4457972049713135,546.3396871590088,7,-549,-147,496,544,1742,802,44
-12,-5,0,-12.0,-5.0,0.4539012908935547,533.4574691189237,7,-537,-142,496,544,1742,802,44
-13,-4,0,-13.0,-4.0,0.4627492427825928,519.8671423882427,7,-524,-138,496,544,1742,802,44
-12,-5,0,-12.0,-5.0,0.4696083068847656,506.9924385092853,7,-512,-133,496,544,1742,802,44
-12,-5,0,-12.0,-5.0,0.47765326499938965,494.1240161046568,7,-500,-128,496,544,1742,802,44
-15,-5,0,-15.0,-5.0,0.4856863021850586,478.35387477264527,7,-485,-123,496,544,1742,802,44
-15,-6,0,-15.0,-6.0,0.4937922954559326,462.34388609747106,7,-470,-117,496,544,1742,802,44
-16,-6,0,-16.0,-6.0,0.501779317855835,445.37244249099666,7,-454,-111,496,544,1742,802,44
-16,-6,0,-16.0,-6.0,0.5103981494903564,428.40981339220394,7,-438,-105,496,544,1742,802,44
-13,-6,0,-13.0,-6.0,0.5177292823791504,414.3782762695687,7,-425,-99,496,544,1742,802,44
-13,-5,0,-13.0,-5.0,0.52596116065979,400.58726909361576,7,-412,-94,496,544,1742,802,44
-11,-4,0,-11.0,-4.0,0.5336802005767822,388.97566837952826,7,-401,-90,496,544,1742,802,44
-10,-4,0,-10.0,-4.0,0.5415992736816406,378.3461002682554,7,-391,-86,496,544,1742,802,44
-9,-3,0,-9.0,-3.0,0.5497372150421143,368.9130338067535,7,-382,-83,496,544,1742,802,44
-10,-4,0,-10.0,-4.0,0.5576951503753662,358.2959373961284,7,-372,-79,496,544,1742,802,44
-10,-4,0,-10.0,-4.0,0.5656583309173584,347.68770604389863,7,-362,-75,496,544,1742,802,44
-9,-3,0,-9.0,-3.0,0.5736353397369385,338.26795583287725,7,-353,-72,496,544,1742,802,44
-9,-3,0,-9.0,-3.0,0.5817162990570068,328.85182057387135,7,-344,-69,496,544,1742,802,44
-10,-3,0,-10.0,-3.0,0.5905101299285889,318.4585143596794,7,-334,-66,496,544,1742,802,44
-10,-3,0,-10.0,-3.0,0.5979101657867432,308.06817477606046,7,-324,-63,496,544,1742,802,44
-12,-3,0,-12.0,-3.0,0.605858325958252,295.7168550769694,7,-312,-60,496,544,1742,802,44
-13,-3,0,-13.0,-3.0,0.6138622760772705,282.38462510448846,7,-299,-57,496,544,1742,802,44
-13,-3,0,-13.0,-3.0,0.6218183040618896,269.05325973092965,7,-286,-54,496,544,1742,802,44
-16,-3,0,-16.0,-3.0,0.6299443244934082,252.77445296096943,7,-270,-51,496,544,1742,802,44
-19,-3,0,-19.0,-3.0,0.6375911235809326,233.54842985234717,7,-251,-48,496,544,1742,802,44
-19,-4,0,-19.0,-4.0,0.6456351280212402,214.13555429032706,7,-232,-44,496,544,1742,802,44
-19,-3,0,-19.0,-3.0,0.65372633934021,194.91011963483862,7,-213,-41,496,544,1742,802,44
-18,-3,0,-18.0,-3.0,0.661663293838501,176.66806487203723,7,-195,-38,496,544,1742,802,44
-17,-3,0,-17.0,-3.0,0.6696603298187256,159.4083790788066,7,-178,-35,496,544,1742,802,44
-16,-2,0,-16.0,-2.0,0.6791472434997559,143.32694880145826,7,-162,-33,496,544,1742,802,44
-15,-2,0,-15.0,-2.0,0.6856303215026855,128.23315213360866,7,-147,-31,496,544,1742,802,44
-14,-3,0,-14.0,-3.0,0.6946783065795898,113.91541487263319,7,-133,-28,496,544,1742,802,44
-13,-2,0,-13.0,-2.0,0.7017233371734619,100.78436382536663,7,-120,-26,496,544,1742,802,44
-13,-2,0,-13.0,-2.0,0.7096531391143799,87.65856099730654,7,-107,-24,496,544,1742,802,44
-12,-2,0,-12.0,-2.0,0.7178411483764648,75.51410154434076,7,-95,-22,496,544,1742,802,44
-11,-1,0,-11.0,-1.0,0.725628137588501,64.58521813797087,7,-84,-21,496,544,1742,802,44
-9,-1,0,-9.0,-1.0,0.7336423397064209,55.62087348130012,7,-75,-20,496,544,1742,802,44
-7,-2,0,-7.0,-2.0,0.7416093349456787,48.3420215802759,7,-68,-18,496,544,1742,802,44
-5,0,0,-5.0,-0.0,0.7497692108154297,43.52098900352466,7,-63,-18,496,544,1742,802,44
-4,-1,0,-4.0,-1.0,0.7583541870117188,39.40032573203501,7,-59,-17,496,544,1742,802,44
-4,-1,0,-4.0,-1.0,0.7657802104949951,35.28001396647874,7,-55,-16,496,544,1742,802,44
-2,-1,0,-2.0,-1.0,0.7738981246948242,33.08175741568164,7,-53,-15,496,544,1742,802,44
-2,0,0,-2.0,-0.0,0.7817342281341553,31.160135440008048,7,-51,-15,496,544,1742,802,44
-1,0,0,-1.0,-0.0,0.7902891635894775,30.201532544552748,7,-50,-15,496,544,1742,802,44
0,-1,0,-0.0,-1.0,0.797614336013794,29.92301994298868,7,-50,-14,496,544,1742,802,44
-1,0,0,-1.0,-0.0,0.8216872215270996,28.960769224963627,7,-49,-14,496,544,1742,802,44
-2,0,0,-2.0,-0.0,0.8378002643585205,27.040799340956916,7,-47,-14,496,544,1742,802,44
-1,0,0,-1.0,-0.0,0.8459031581878662,26.08326112068523,7,-46,-14,496,544,1742,802,44
-1,-1,0,-1.0,-1.0,0.8538172245025635,24.840153714521477,7,-45,-13,496,544,1742,802,44
-2,0,0,-2.0,-0.0,0.8618721961975098,22.922154890432402,7,-43,-13,496,544,1742,802,44
-2,-1,0,-2.0,-1.0,0.8698391914367676,20.720018726587654,7,-41,-12,496,544,1742,802,44
-4,0,0,-4.0,-0.0,0.8776061534881592,16.897300677553446,7,-37,-12,496,544,1742,802,44
-6,0,0,-6.0,-0.0,0.8856801986694336,11.241540277189323,7,-31,-12,496,544,1742,802,44
-7,-1,0,-7.0,-1.0,0.8936343193054199,4.4007575648881705,7,-24,-11,496,544,1742,802,44
-7,0,0,-7.0,-0.0,0.9016633033752441,-1.7515432686834131,7,-17,-11,496,544,1742,802,44
-7,0,0,-7.0,-0.0,0.9098453521728516,-7.133931252681494,7,-10,-11,496,544,1742,802,44
-5,-1,0,-5.0,-1.0,0.9177911281585693,-10.819660112501051,7,-5,-10,496,544,1742,802,44
-4,0,0,-4.0,-0.0,0.9257302284240723,-11.95012437887911,7,-1,-10,496,544,1742,802,44
-3,0,0,-3.0,-0.0,0.9336721897125244,-11.801960972814431,7,2,-10,496,544,1742,802,44
-2,0,0,-2.0,-0.0,0.9418191909790039,-11.229670385730993,7,4,-10,496,544,1742,802,44
0,0,1,-0.0,-0.0,0.9667651653289795,-11.229670385730993,7,4,-10,496,544,1742,802,44
0,0,0,-0.0,-0.0,0.08135819435119629,607.0755289781391,8,418,443,910,997,492,554,4
1,-1,0,1.0,-1.0,0.11116313934326172,607.1182151274086,8,417,444,910,997,492,554,4
4,-1,0,4.0,-1.0,0.11939406394958496,605.1194281193775,8,413,445,910,997,492,554,4
5,-1,0,5.0,-1.0,0.1277000904083252,602.466707106355,8,408,446,910,997,492,554,4
7,-1,0,7.0,-1.0,0.1353461742401123,598.5081181799294,8,401,447,910,997,492,554,4
6,-2,0,6.0,-2.0,0.14335322380065918,596.0183943659258,8,395,449,910,997,492,554,4
6,-2,0,6.0,-2.0,0.15122318267822266,593.58542628241,8,389,451,910,997,492,554,4
5,-2,0,5.0,-2.0,0.15914320945739746,591.8560431619771,8,384,453,910,997,492,554,4
7,-3,0,7.0,-3.0,0.16720819473266602,589.662910786201,8,377,456,910,997,492,554,4
7,-3,0,7.0,-3.0,0.17525625228881836,587.5600054277767,8,370,459,910,997,492,554,4
5,-2,0,5.0,-2.0,0.1832432746887207,586.0017006778127,8,365,461,910,997,492,554,4
5,-2,0,5.0,-2.0,0.19139409065246582,584.4887040685438,8,360,463,910,997,492,554,4
2,0,0,2.0,-0.0,0.19932818412780762,583.2631886595979,8,358,463,910,997,492,554,4
3,-1,0,3.0,-1.0,0.20721817016601562,582.2268395067108,8,355,464,910,997,492,554,4
1,0,0,1.0,-0.0,0.21516013145446777,581.6197392138138,8,354,464,910,997,492,554,4
2,0,0,2.0,-0.0,0.22323226928710938,580.4087911424415,8,352,464,910,997,492,554,4
3,0,0,3.0,-0.0,0.23132014274597168,578.600551153717,8,349,464,910,997,492,554,4
4,2,0,4.0,2.0,0.23951506614685059,574.6012486979195,8,345,462,910,997,492,554,4
6,5,0,6.0,5.0,0.2475731372833252,567.0079085566387,8,339,457,910,997,492,554,4
8,6,0,8.0,6.0,0.2559642791748047,557.4300671218879,8,331,451,910,997,492,554,4
10,9,0,10.0,9.0,0.2635171413421631,544.2645879058974,8,321,442,910,997,492,554,4
14,10,0,14.0,10.0,0.27146124839782715,527.974527689775,8,307,432,910,997,492,554,4
15,12,0,15.0,12.0,0.2791712284088135,509.53103522660285,8,292,420,910,997,492,554,4
20,14,0,20.0,14.0,0.2873880863189697,486.6921321241012,8,272,406,910,997,492,554,4
22,15,0,22.0,15.0,0.2952141761779785,462.0915857888397,8,250,391,910,997,492,554,4
22,15,0,22.0,15.0,0.30319809913635254,437.7271881519268,8,228,376,910,997,492,554,4
28,16,0,28.0,16.0,0.31133317947387695,409.82520563948003,8,200,360,910,997,492,554,4
30,17,0,30.0,17.0,0.31923508644104004,380.817188746796,8,170,343,910,997,492,554,4
27,18,0,27.0,18.0,0.32790207862854004,353.0690073774392,8,143,325,910,997,492,554,4
27,20,0,27.0,20.0,0.33528828620910645,324.31426570102633,8,116,305,910,997,492,554,4
23,19,0,23.0,19.0,0.34334611892700195,298.74075214376916,8,93,286,910,997,492,554,4
21,17,0,21.0,17.0,0.3512082099914551,276.4690287985362,8,72,269,910,997,492,554,4
19,17,0,19.0,17.0,0.3592221736907959,255.51310646256434,8,53,252,910,997,492,554,4
16,17,0,16.0,17.0,0.3672642707824707,235.8949347926517,8,37,235,910,997,492,554,4
13,14,0,13.0,14.0,0.37526726722717285,220.29934772733816,8,24,221,910,997,492,554,4
10,12,0,10.0,12.0,0.3832120895385742,207.46837470128995,8,14,209,910,997,492,554,4
7,13,0,7.0,13.0,0.39122509956359863,194.1249601657066,8,7,196,910,997,492,554,4
6,9,0,6.0,9.0,0.3999342918395996,185.00267377767625,8,1,187,910,997,492,554,4
2,7,0,2.0,7.0,0.40740513801574707,178.00277775634464,8,-1,180,910,997,492,554,4
1,4,0,1.0,4.0,0.41524529457092285,174.0113632695344,8,-2,176,910,997,492,554,4
1,2,0,1.0,2.0,0.42355918884277344,172.0258601472781,8,-3,174,910,997,492,554,4
0,1,0,-0.0,1.0,0.4314150810241699,171.02600960549256,8,-3,173,910,997,492,554,4
0,1,0,-0.0,1.0,0.4472322463989258,170.02616080119907,8,-3,172,910,997,492,554,4
-1,0,0,-1.0,-0.0,0.4553201198577881,170.01162751395617,8,-2,172,910,997,492,554,4
-1,1,0,-1.0,1.0,0.47136807441711426,169.00292395160966,8,-1,171,910,997,492,554,4
-2,1,0,-2.0,1.0,0.47928309440612793,168.00294115102832,8,1,170,910,997,492,554,4
-1,1,0,-1.0,1.0,0.48731207847595215,167.01183390520322,8,2,169,910,997,492,554,4
-3,2,0,-3.0,2.0,0.49544715881347656,165.0748335327616,8,5,167,910,997,492,554,4
-5,3,0,-5.0,3.0,0.5031201839447021,162.30459518832697,8,10,164,910,997,492,554,4
-6,5,0,-6.0,5.0,0.5112490653991699,157.80300372646317,8,16,159,910,997,492,554,4
-5,4,0,-5.0,4.0,0.5193021297454834,154.41611170208776,8,21,155,910,997,492,554,4
-2,5,0,-2.0,5.0,0.5273342132568359,149.75308893067054,8,23,150,910,997,492,554,4
-3,3,0,-3.0,3.0,0.5351722240447998,147.2816130673835,8,26,147,910,997,492,554,4
-2,4,0,-2.0,4.0,0.5433142185211182,143.71547618561317,8,28,143,910,997,492,554,4
-1,3,0,-1.0,3.0,0.5512411594390869,140.97202523570826,8,29,140,910,997,492,554,4
-1,4,0,-1.0,4.0,0.5593242645263672,137.26952286842948,8,30,136,910,997,492,554,4
-1,4,0,-1.0,4.0,0.567277193069458,133.5912976558599,8,31,132,910,997,492,554,4
-1,3,0,-1.0,3.0,0.575350284576416,130.90974381135493,8,32,129,910,997,492,554,4
-1,5,0,-1.0,5.0,0.5832951068878174,126.31601614763451,8,33,124,910,997,492,554,4
0,5,0,-0.0,5.0,0.5912771224975586,121.4908903522847,8,33,119,910,997,492,554,4
0,6,0,-0.0,6.0,0.5991601943969727,115.72000679578642,8,33,113,910,997,492,554,4
0,4,0,-0.0,4.0,0.6072120666503906,111.8859078200635,8,33,109,910,997,492,554,4
0,6,0,-0.0,6.0,0.6151421070098877,106.15729286552988,8,33,103,910,997,492,554,4
1,4,0,1.0,4.0,0.6233882904052734,102.04326023342406,8,32,99,910,997,492,554,4
1,4,0,1.0,4.0,0.6312851905822754,97.92997548283498,8,31,95,910,997,492,554,4
1,4,0,1.0,4.0,0.6392781734466553,93.81753492967766,8,30,91,910,997,492,554,4
2,4,0,2.0,4.0,0.6472032070159912,89.39474820797966,8,28,87,910,997,492,554,4
0,5,0,-0.0,5.0,0.6553401947021484,84.64871608973787,8,28,82,910,997,492,554,4
1,5,0,1.0,5.0,0.6631662845611572,79.59656855530139,8,27,77,910,997,492,554,4
1,4,0,1.0,4.0,0.6711812019348145,75.4919350642375,8,26,73,910,997,492,554,4
1,4,0,1.0,4.0,0.6793351173400879,71.38937252763509,8,25,69,910,997,492,554,4
1,3,0,1.0,3.0,0.6873772144317627,68.22819946431775,8,24,66,910,997,492,554,4
1,4,0,1.0,4.0,0.6951332092285156,64.12866246946176,8,23,62,910,997,492,554,4
0,2,0,-0.0,2.0,0.7032520771026611,62.25729530566937,8,23,60,910,997,492,554,4
1,3,0,1.0,3.0,0.7113511562347412,59.09828148156051,8,22,57,910,997,492,554,4
0,2,0,-0.0,2.0,0.7193131446838379,57.23681287847955,8,22,55,910,997,492,554,4
0,3,0,-0.0,3.0,0.7273242473602295,54.462376853972415,8,22,52,910,997,492,554,4
2,3,0,2.0,3.0,0.7352492809295654,50.92447448959697,8,20,49,910,997,492,554,4
0,1,0,-0.0,1.0,0.7432191371917725,50.0,8,20,48,910,997,492,554,4
1,2,0,1.0,2.0,0.7512602806091309,47.76946855251722,8,19,46,910,997,492,554,4
0,1,0,-0.0,1.0,0.7591891288757324,46.84669896727925,8,19,45,910,997,492,554,4
1,1,0,1.0,1.0,0.7672791481018066,45.53945729601885,8,18,44,910,997,492,554,4
0,2,0,-0.0,2.0,0.7753572463989258,43.69463863518345,8,18,42,910,997,492,554,4
0,2,0,-0.0,2.0,0.7831611633300781,41.86342439892262,8,18,40,910,997,492,554,4
1,1,0,1.0,1.0,0.7911710739135742,40.5440947723653,8,17,39,910,997,492,554,4
0,2,0,-0.0,2.0,0.7992982864379883,38.718546143004666,8,17,37,910,997,492,554,4
1,2,0,1.0,2.0,0.8085882663726807,36.48376280978771,8,16,35,910,997,492,554,4
1,2,0,1.0,2.0,0.8153111934661865,34.24913792078372,8,15,33,910,997,492,554,4
2,2,0,2.0,2.0,0.8233442306518555,31.61547262794322,8,13,31,910,997,492,554,4
1,2,0,1.0,2.0,0.8313612937927246,29.38470965295043,8,12,29,910,997,492,554,4
2,2,0,2.0,2.0,0.839285135269165,26.792360097775937,8,10,27,910,997,492,554,4
1,1,0,1.0,1.0,0.847149133682251,25.51363298439521,8,9,26,910,997,492,554,4
2,1,0,2.0,1.0,0.8553071022033691,23.96150997149434,8,7,25,910,997,492,554,4
0,1,0,-0.0,1.0,0.8630990982055664,23.0,8,7,24,910,997,492,554,4
1,0,0,1.0,-0.0,0.8711540699005127,22.73863375370596,8,6,24,910,997,492,554,4
1,1,0,1.0,1.0,0.8794572353363037,21.53720459187964,8,5,23,910,997,492,554,4
0,1,0,-0.0,1.0,0.8872091770172119,20.561028345356956,8,5,22,910,997,492,554,4
1,2,0,1.0,2.0,0.8953201770782471,18.396078054371138,8,4,20,910,997,492,554,4
1,1,0,1.0,1.0,0.903266191482544,17.235384061671343,8,3,19,910,997,492,554,4
1,1,0,1.0,1.0,0.9111952781677246,16.110770276274835,8,2,18,910,997,492,554,4
0,1,0,-0.0,1.0,0.9193172454833984,15.11724276862369,8,2,17,910,997,492,554,4
1,0,0,1.0,-0.0,0.927314281463623,15.029386365926403,8,1,17,910,997,492,554,4
0,2,0,-0.0,2.0,0.9350790977478027,13.033296378372908,8,1,15,910,997,492,554,4
1,1,0,1.0,1.0,0.9432711601257324,12.0,8,0,14,910,997,492,554,4
1,1,0,1.0,1.0,0.9511251449584961,11.038404810405298,8,-1,13,910,997,492,554,4
0,2,0,-0.0,2.0,0.9592282772064209,9.045361017187261,8,-1,11,910,997,492,554,4
1,1,0,1.0,1.0,0.967217206954956,8.198039027185569,8,-2,10,910,997,492,554,4
0,2,0,-0.0,2.0,0.9750592708587646,6.246211251235321,8,-2,8,910,997,492,554,4
1,0,0,1.0,-0.0,0.9832000732421875,6.54400374531753,8,-3,8,910,997,492,554,4
0,1,0,-0.0,1.0,0.9910531044006348,5.615773105863909,8,-3,7,910,997,492,554,4
0,2,0,-0.0,2.0,0.9992482662200928,3.8309518948453007,8,-3,5,910,997,492,554,4
0,1,0,-0.0,1.0,1.0070912837982178,3.0,8,-3,4,910,997,492,554,4
0,2,0,-0.0,2.0,1.0234081745147705,1.6055512754639891,8,-3,2,910,997,492,554,4
0,1,0,-0.0,1.0,1.0473291873931885,1.1622776601683795,8,-3,1,910,997,492,554,4
0,1,0,-0.0,1.0,1.063249111175537,1.0,8,-3,0,910,997,492,554,4
-1,1,0,-1.0,1.0,1.1111950874328613,0.2360679774997898,8,-2,-1,910,997,492,554,4
0,1,0,-0.0,1.0,1.1192281246185303,0.8284271247461903,8,-2,-2,910,997,492,554,4
0,1,0,-0.0,1.0,1.1272501945495605,1.6055512754639891,8,-2,-3,910,997,492,554,4
0,1,0,-0.0,1.0,1.1352362632751465,2.4721359549995796,8,-2,-4,910,997,492,554,4
0,1,0,-0.0,1.0,1.1432020664215088,3.3851648071345037,8,-2,-5,910,997,492,554,4
0,1,0,-0.0,1.0,1.1592192649841309,4.324555320336759,8,-2,-6,910,997,492,554,4
-1,0,0,-1.0,-0.0,1.1671721935272217,4.082762530298219,8,-1,-6,910,997,492,554,4
-1,0,0,-1.0,-0.0,1.2793011665344238,4.0,8,0,-6,910,997,492,554,4
-1,0,0,-1.0,-0.0,1.3032102584838867,4.082762530298219,8,1,-6,910,997,492,554,4
0,0,1,-0.0,-0.0,1.3141181468963623,4.082762530298219,8,1,-6,910,997,492,554,4
0,0,0,-0.0,-0.0,1.4012200832366943,4.082762530298219,8,1,-6,910,997,492,554,4
0,-1,0,-0.0,-1.0,1.4473330974578857,3.0990195135927845,8,1,-5,910,997,492,554,4
0,-1,0,-0.0,-1.0,1.4552741050720215,2.1231056256176606,8,1,-4,910,997,492,554,4
-1,-1,0,-1.0,-1.0,1.4632000923156738,1.6055512754639891,8,2,-3,910,997,492,554,4
0,-1,0,-0.0,-1.0,1.4792470932006836,0.8284271247461903,8,2,-2,910,997,492,554,4
0,-1,0,-0.0,-1.0,1.4952971935272217,0.2360679774997898,8,2,-1,910,997,492,554,4
0,0,1,-0.0,-0.0,1.5571722984313965,0.2360679774997898,8,2,-1,910,997,492,554,4
0,0,0,-0.0,-0.0,0.14142775535583496,958.4615861583762,9,382,-916,1290,82,908,998,69
0,-1,0,-0.0,-1.0,0.1972508430480957,957.5387032284721,9,382,-915,1290,82,908,998,69
1,-2,0,1.0,-2.0,0.20529675483703613,955.3078388449169,9,381,-913,1290,82,908,998,69
1,-2,0,1.0,-2.0,0.2131638526916504,953.0769980097804,9,380,-911,1290,82,908,998,69
1,-2,0,1.0,-2.0,0.2212069034576416,950.8461808830859,9,379,-909,1290,82,908,998,69
2,-4,0,2.0,-4.0,0.2291567325592041,946.3846184023901,9,377,-905,1290,82,908,998,69
3,-4,0,3.0,-4.0,0.23739385604858398,941.5393380074429,9,374,-901,1290,82,908,998,69
3,-5,0,3.0,-5.0,0.24528288841247559,935.7716225998779,9,371,-896,1290,82,908,998,69
5,-7,0,5.0,-7.0,0.2533128261566162,927.3932598057884,9,366,-889,1290,82,908,998,69
5,-7,0,5.0,-7.0,0.2612588405609131,919.0188875358137,9,361,-882,1290,82,908,998,69
7,-11,0,7.0,-11.0,0.2692298889160156,906.1898744402644,9,354,-871,1290,82,908,998,69
9,-15,0,9.0,-15.0,0.2772839069366455,888.908987928929,9,345,-856,1290,82,908,998,69
9,-18,0,9.0,-18.0,0.2853238582611084,868.8510397623741,9,336,-838,1290,82,908,998,69
13,-23,0,13.0,-23.0,0.29346776008605957,842.6721165863552,9,323,-815,1290,82,908,998,69
12,-38,0,12.0,-38.0,0.30130577087402344,802.9289097647422,9,311,-777,1290,82,908,998,69
13,-49,0,13.0,-49.0,0.30933594703674316,752.630790142364,9,298,-728,1290,82,908,998,69
13,-49,0,13.0,-49.0,0.3172798156738281,702.3871264491253,9,285,-679,1290,82,908,998,69
11,-45,0,11.0,-45.0,0.32530975341796875,656.6750321243703,9,274,-634,1290,82,908,998,69
11,-44,0,11.0,-44.0,0.33345794677734375,611.9636212667087,9,263,-590,1290,82,908,998,69
9,-42,0,9.0,-42.0,0.3414309024810791,570.0033112492017,9,254,-548,1290,82,908,998,69
7,-42,0,7.0,-42.0,0.34925079345703125,529.0674915141168,9,247,-506,1290,82,908,998,69
7,-39,0,7.0,-39.0,0.3574259281158447,491.06094884308436,9,240,-467,1290,82,908,998,69
7,-39,0,7.0,-39.0,0.3653087615966797,453.31201503759377,9,233,-428,1290,82,908,998,69
9,-42,0,9.0,-42.0,0.3732948303222656,412.2869032360237,9,224,-386,1290,82,908,998,69
12,-39,0,12.0,-39.0,0.38125181198120117,372.63620104461927,9,212,-347,1290,82,908,998,69
13,-37,0,13.0,-37.0,0.3893418312072754,334.37616643860116,9,199,-310,1290,82,908,998,69
13,-30,0,13.0,-30.0,0.3976247310638428,302.1487765856065,9,186,-280,1290,82,908,998,69
13,-22,0,13.0,-22.0,0.4053497314453125,276.6332242372023,9,173,-258,1290,82,908,998,69
10,-15,0,10.0,-15.0,0.41326475143432617,258.60553651631403,9,163,-243,1290,82,908,998,69
7,-11,0,7.0,-11.0,0.42124271392822266,245.57110008010483,9,156,-232,1290,82,908,998,69
5,-8,0,5.0,-8.0,0.429229736328125,236.14255495941399,9,151,-224,1290,82,908,998,69
3,-5,0,3.0,-5.0,0.43739891052246094,230.31988196123274,9,148,-219,1290,82,908,998,69
1,-3,0,1.0,-3.0,0.44622087478637695,227.27571643763605,9,147,-216,1290,82,908,998,69
1,-1,0,1.0,-1.0,0.4533717632293701,225.88651369395836,9,146,-215,1290,82,908,998,69
1,0,0,1.0,-0.0,0.5653748512268066,225.32604959779877,9,145,-215,1290,82,908,998,69
1,-1,0,1.0,-1.0,0.5733039379119873,223.9379770409933,9,144,-214,1290,82,908,998,69
5,-2,0,5.0,-2.0,0.5812098979949951,219.50542400508908,9,139,-212,1290,82,908,998,69
6,-4,0,6.0,-4.0,0.5893008708953857,212.88661365088225,9,133,-208,1290,82,908,998,69
7,-6,0,7.0,-6.0,0.597214937210083,204.0756182392477,9,126,-202,1290,82,908,998,69
8,-8,0,8.0,-8.0,0.6053638458251953,193.06827167175956,9,118,-194,1290,82,908,998,69
7,-8,0,7.0,-8.0,0.6133518218994141,182.60332407421637,9,111,-186,1290,82,908,998,69
5,-9,0,5.0,-9.0,0.6211967468261719,172.31286920597077,9,106,-177,1290,82,908,998,69
7,-11,0,7.0,-11.0,0.6292648315429688,159.27959023135372,9,99,-166,1290,82,908,998,69
8,-12,0,8.0,-12.0,0.637293815612793,144.87705274852894,9,91,-154,1290,82,908,998,69
9,-12,0,9.0,-12.0,0.6452968120574951,129.97560794215707,9,82,-142,1290,82,908,998,69
11,-12,0,11.0,-12.0,0.6532638072967529,114.12494725737457,9,71,-130,1290,82,908,998,69
11,-12,0,11.0,-12.0,0.6611928939819336,98.3782459469833,9,60,-118,1290,82,908,998,69
12,-11,0,12.0,-11.0,0.6691968441009521,83.27318534089538,9,48,-107,1290,82,908,998,69
10,-10,0,10.0,-10.0,0.6771788597106934,70.17773274553444,9,38,-97,1290,82,908,998,69
7,-7,0,7.0,-7.0,0.685283899307251,61.189285111298105,9,31,-90,1290,82,908,998,69
6,-7,0,6.0,-7.0,0.6931829452514648,52.683331731077345,9,25,-83,1290,82,908,998,69
4,-6,0,4.0,-6.0,0.7011528015136719,45.81227975693966,9,21,-77,1290,82,908,998,69
3,-5,0,3.0,-5.0,0.7092068195343018,40.21590126111789,9,18,-72,1290,82,908,998,69
3,-4,0,3.0,-4.0,0.7173478603363037,35.63476143421474,9,15,-68,1290,82,908,998,69
1,-3,0,1.0,-3.0,0.7253017425537109,32.49060083951716,9,14,-65,1290,82,908,998,69
1,-3,0,1.0,-3.0,0.7332687377929688,29.348243858847418,9,13,-62,1290,82,908,998,69
1,-3,0,1.0,-3.0,0.7413337230682373,26.207972893961475,9,12,-59,1290,82,908,998,69
1,-2,0,1.0,-2.0,0.7491307258605957,24.051701094799967,9,11,-57,1290,82,908,998,69
0,0,1,-0.0,-0.0,0.7862308025360107,24.051701094799967,9,11,-57,1290,82,908,998,69
0,0,0,-0.0,-0.0,0.07686018943786621,641.6004918534876,10,-520,391,759,530,1279,139,18
-1,0,0,-1.0,-0.0,0.17020916938781738,640.8015081546056,10,-519,391,759,530,1279,139,18
-6,3,0,-6.0,3.0,0.1780712604522705,634.2052549536578,10,-513,388,759,530,1279,139,18
-10,8,0,-10.0,8.0,0.18616318702697754,621.403838820799,10,-503,380,759,530,1279,139,18
-13,14,0,-13.0,14.0,0.19393229484558105,602.6011772388931,10,-490,366,759,530,1279,139,18
-14,18,0,-14.0,18.0,0.20201730728149414,580.6439603693062,10,-476,348,759,530,1279,139,18
-15,19,0,-15.0,19.0,0.2101123332977295,557.3585436805911,10,-461,329,759,530,1279,139,18
-17,23,0,-17.0,23.0,0.21794915199279785,530.2327883205917,10,-444,306,759,530,1279,139,18
-19,24,0,-19.0,24.0,0.22600436210632324,501.0480369533834,10,-425,282,759,530,1279,139,18
-25,24,0,-25.0,24.0,0.23392319679260254,466.9873947910806,10,-400,258,759,530,1279,139,18
-25,22,0,-25.0,22.0,0.24199318885803223,434.08125665615785,10,-375,236,759,530,1279,139,18
-24,17,0,-24.0,17.0,0.25006937980651855,404.7172947799016,10,-351,219,759,530,1279,139,18
-21,15,0,-21.0,15.0,0.25794529914855957,378.96391584785306,10,-330,204,759,530,1279,139,18
-18,11,0,-18.0,11.0,0.26595020294189453,357.86918649567724,10,-312,193,759,530,1279,139,18
-17,10,0,-17.0,10.0,0.27402734756469727,338.15126386058284,10,-295,183,759,530,1279,139,18
-16,7,0,-16.0,7.0,0.28196024894714355,320.874218453034,10,-279,176,759,530,1279,139,18
-13,6,0,-13.0,6.0,0.2899913787841797,306.68338568888925,10,-266,170,759,530,1279,139,18
-12,6,0,-12.0,6.0,0.2979621887207031,293.34417474130373,10,-254,164,759,530,1279,139,18
-11,6,0,-11.0,6.0,0.3060872554779053,280.8499611868182,10,-243,158,759,530,1279,139,18
-11,5,0,-11.0,5.0,0.3139941692352295,268.90825824361536,10,-232,153,759,530,1279,139,18
-10,5,0,-10.0,5.0,0.3219943046569824,257.8107943843352,10,-222,148,759,530,1279,139,18
-9,4,0,-9.0,4.0,0.3300821781158447,248.1089263327899,10,-213,144,759,530,1279,139,18
-9,4,0,-9.0,4.0,0.338104248046875,238.41867350707383,10,-204,140,759,530,1279,139,18
-9,4,0,-9.0,4.0,0.3459763526916504,228.7414562082095,10,-195,136,759,530,1279,139,18
-8,4,0,-8.0,4.0,0.3541553020477295,219.89517251353294,10,-187,132,759,530,1279,139,18
-7,4,0,-7.0,4.0,0.36205530166625977,211.87100307645636,10,-180,128,759,530,1279,139,18
-6,4,0,-6.0,4.0,0.3700401782989502,204.66328650472454,10,-174,124,759,530,1279,139,18
-6,3,0,-6.0,3.0,0.37796735763549805,198.03864373589778,10,-168,121,759,530,1279,139,18
-5,4,0,-5.0,4.0,0.38599228858947754,191.6439632782407,10,-163,117,759,530,1279,139,18
-4,4,0,-4.0,4.0,0.39389824867248535,186.0640920313116,10,-159,113,759,530,1279,139,18
-5,3,0,-5.0,3.0,0.4019932746887207,180.25115587493778,10,-154,110,759,530,1279,139,18
-5,4,0,-5.0,4.0,0.4101531505584717,173.8578683021324,10,-149,106,759,530,1279,139,18
-6,5,0,-6.0,5.0,0.41820216178894043,166.07141400011596,10,-143,101,759,530,1279,139,18
-6,3,0,-6.0,3.0,0.4259662628173828,159.44286865284622,10,-137,98,759,530,1279,139,18
-7,4,0,-7.0,4.0,0.43399620056152344,151.4244370412438,10,-130,94,759,530,1279,139,18
-7,3,0,-7.0,3.0,0.4422621726989746,144.00326793895613,10,-123,91,759,530,1279,139,18
-7,4,0,-7.0,4.0,0.45017027854919434,136.0,10,-116,87,759,530,1279,139,18
-5,3,0,-5.0,3.0,0.45798826217651367,130.20129309744217,10,-111,84,759,530,1279,139,18
-6,5,0,-6.0,5.0,0.4661703109741211,122.40015220691336,10,-105,79,759,530,1279,139,18
-7,4,0,-7.0,4.0,0.4741501808166504,114.40583454602137,10,-98,75,759,530,1279,139,18
-7,5,0,-7.0,5.0,0.48211121559143066,105.80853626799707,10,-91,70,759,530,1279,139,18
-7,4,0,-7.0,4.0,0.49007415771484375,97.82696288858914,10,-84,66,759,530,1279,139,18
-6,5,0,-6.0,5.0,0.4983482360839844,90.02019995940222,10,-78,61,759,530,1279,139,18
-7,4,0,-7.0,4.0,0.5062541961669922,82.0494371207203,10,-71,57,759,530,1279,139,18
-6,5,0,-6.0,5.0,0.5141873359680176,74.24061508662703,10,-65,52,759,530,1279,139,18
-7,4,0,-7.0,4.0,0.5221102237701416,66.28612089887484,10,-58,48,759,530,1279,139,18
-7,5,0,-7.0,5.0,0.5299813747406006,57.70832032063167,10,-51,43,759,530,1279,139,18
-6,6,0,-6.0,6.0,0.5380492210388184,49.25804665451803,10,-45,37,759,530,1279,139,18
-8,6,0,-8.0,6.0,0.5467312335968018,39.27007354458868,10,-37,31,759,530,1279,139,18
-6,5,0,-6.0,5.0,0.5539791584014893,31.45985664828782,10,-31,26,759,530,1279,139,18
-8,6,0,-8.0,6.0,0.5620732307434082,21.479501308256342,10,-23,20,759,530,1279,139,18
-7,5,0,-7.0,5.0,0.5700652599334717,12.931712199461309,10,-16,15,759,530,1279,139,18
-6,3,0,-6.0,3.0,0.5780203342437744,6.620499351813308,10,-10,12,759,530,1279,139,18
-6,4,0,-6.0,4.0,0.5860292911529541,-0.05572809000084078,10,-4,8,759,530,1279,139,18
-5,3,0,-5.0,3.0,0.5940783023834229,-3.9009804864072155,10,1,5,759,530,1279,139,18
-4,2,0,-4.0,2.0,0.6020233631134033,-3.1690481051546993,10,5,3,759,530,1279,139,18
-4,3,0,-4.0,3.0,0.6098592281341553,0.0,10,9,0,759,530,1279,139,18
-3,1,0,-3.0,1.0,0.6179883480072021,3.0415945787922958,10,12,-1,759,530,1279,139,18
-2,1,0,-2.0,1.0,0.6262111663818359,5.142135623730951,10,14,-2,759,530,1279,139,18
-1,1,0,-1.0,1.0,0.6342353820800781,6.297058540778355,10,15,-3,759,530,1279,139,18
0,1,0,-0.0,1.0,0.6423282623291016,6.524174696260024,10,15,-4,759,530,1279,139,18
0,0,1,-0.0,-0.0,0.7281742095947266,6.524174696260024,10,15,-4,759,530,1279,139,18
0,0,0,-0.0,-0.0,0.07929515838623047,628.600507453015,11,-504,-379,240,155,744,534,4
0,-4,0,-0.0,-4.0,0.23131513595581055,626.204584510492,11,-504,-375,240,155,744,534,4
0,-6,0,-0.0,-6.0,0.23933720588684082,622.6414971805827,11,-504,-369,240,155,744,534,4
-2,-9,0,-2.0,-9.0,0.2470991611480713,615.741046070277,11,-502,-360,240,155,744,534,4
-4,-9,0,-4.0,-9.0,0.25508618354797363,607.2659517813219,11,-498,-351,240,155,744,534,4
-4,-9,0,-4.0,-9.0,0.26310205459594727,598.832755431992,11,-494,-342,240,155,744,534,4
-9,-13,0,-9.0,-13.0,0.27112722396850586,584.0597239189876,11,-485,-329,240,155,744,534,4
-12,-14,0,-12.0,-14.0,0.27917909622192383,566.2904187121229,11,-473,-315,240,155,744,534,4
-14,-13,0,-14.0,-13.0,0.2873270511627197,547.440624635638,11,-459,-302,240,155,744,534,4
-16,-11,0,-16.0,-11.0,0.2952442169189453,528.0283011311755,11,-443,-291,240,155,744,534,4
-18,-10,0,-18.0,-10.0,0.30329418182373047,507.4958292272862,11,-425,-281,240,155,744,534,4
-19,-11,0,-19.0,-11.0,0.31128525733947754,485.58178801099615,11,-406,-270,240,155,744,534,4
-21,-10,0,-21.0,-10.0,0.31931519508361816,462.5696933722647,11,-385,-260,240,155,744,534,4
-24,-10,0,-24.0,-10.0,0.3271162509918213,437.11388044560834,11,-361,-250,240,155,744,534,4
-24,-11,0,-24.0,-11.0,0.3352351188659668,411.14646313383827,11,-337,-239,240,155,744,534,4
-25,-12,0,-25.0,-12.0,0.3431971073150635,383.84064067954273,11,-312,-227,240,155,744,534,4
-24,-11,0,-24.0,-11.0,0.35111427307128906,358.0,11,-288,-216,240,155,744,534,4
-22,-12,0,-22.0,-12.0,0.35913920402526855,333.2193311848229,11,-266,-204,240,155,744,534,4
-21,-12,0,-21.0,-12.0,0.36716222763061523,309.2699792784392,11,-245,-192,240,155,744,534,4
-19,-13,0,-19.0,-13.0,0.37566518783569336,286.3001907734367,11,-226,-179,240,155,744,534,4
-19,-15,0,-19.0,-15.0,0.38314008712768555,262.09278672466615,11,-207,-164,240,155,744,534,4
-18,-14,0,-18.0,-14.0,0.39136719703674316,239.29028161117472,11,-189,-150,240,155,744,534,4
-16,-13,0,-16.0,-13.0,0.399259090423584,218.6762334280699,11,-173,-137,240,155,744,534,4
-14,-10,0,-14.0,-10.0,0.4071841239929199,201.49447166937975,11,-159,-127,240,155,744,534,4
-12,-8,0,-12.0,-8.0,0.4150981903076172,187.12958520548815,11,-147,-119,240,155,744,534,4
-10,-6,0,-10.0,-6.0,0.4232151508331299,175.5894140989265,11,-137,-113,240,155,744,534,4
-9,-6,0,-9.0,-6.0,0.4311542510986328,164.83225107874077,11,-128,-107,240,155,744,534,4
-8,-5,0,-8.0,-5.0,0.43909525871276855,155.49285698088025,11,-120,-102,240,155,744,534,4
-6,-5,0,-6.0,-5.0,0.44782304763793945,147.68299836654796,11,-114,-97,240,155,744,534,4
-7,-4,0,-7.0,-4.0,0.45516014099121094,139.76741515595182,11,-107,-93,240,155,744,534,4
-4,-3,0,-4.0,-3.0,0.4633922576904297,134.7808466123821,11,-103,-90,240,155,744,534,4
-3,-2,0,-3.0,-2.0,0.4710981845855713,131.2066064427737,11,-100,-88,240,155,744,534,4
-1,-2,0,-1.0,-2.0,0.4792470932006836,129.13733259449805,11,-99,-86,240,155,744,534,4
-1,-2,0,-1.0,-2.0,0.5111720561981201,127.07362240210043,11,-98,-84,240,155,744,534,4
-1,-3,0,-1.0,-3.0,0.5196571350097656,124.37246535539299,11,-97,-81,240,155,744,534,4
-1,-3,0,-1.0,-3.0,0.5273010730743408,121.69316876852982,11,-96,-78,240,155,744,534,4
-3,-3,0,-3.0,-3.0,0.535163164138794,117.47384651043926,11,-93,-75,240,155,744,534,4
-2,-4,0,-2.0,-4.0,0.5432212352752686,113.42096863222038,11,-91,-71,240,155,744,534,4
-3,-3,0,-3.0,-3.0,0.5511822700500488,109.21151019566275,11,-88,-68,240,155,744,534,4
-4,-4,0,-4.0,-4.0,0.5593051910400391,103.60303025955268,11,-84,-64,240,155,744,534,4
-2,-3,0,-2.0,-3.0,0.567141056060791,100.20078277586722,11,-82,-61,240,155,744,534,4
-2,-3,0,-2.0,-3.0,0.5751070976257324,96.812954616285,11,-80,-58,240,155,744,534,4
-1,-3,0,-1.0,-3.0,0.5830621719360352,94.26006440887103,11,-79,-55,240,155,744,534,4
-3,-2,0,-3.0,-2.0,0.5912520885467529,90.65527507918802,11,-76,-53,240,155,744,534,4
-3,-4,0,-3.0,-4.0,0.5994250774383545,85.92041856133307,11,-73,-49,240,155,744,534,4
-3,-3,0,-3.0,-3.0,0.607349157333374,81.7615663654877,11,-70,-46,240,155,744,534,4
-3,-3,0,-3.0,-3.0,0.615178108215332,77.61155694998057,11,-67,-43,240,155,744,534,4
-3,-2,0,-3.0,-2.0,0.623150110244751,74.00657866263946,11,-64,-41,240,155,744,534,4
-2,-2,0,-2.0,-2.0,0.6311130523681641,71.24616030891995,11,-62,-39,240,155,744,534,4
-3,-1,0,-3.0,-1.0,0.6391422748565674,68.178344238091,11,-59,-38,240,155,744,534,4
-2,-2,0,-2.0,-2.0,0.6470792293548584,65.4166151627327,11,-57,-36,240,155,744,534,4
-3,-2,0,-3.0,-2.0,0.6549801826477051,61.812224534175265,11,-54,-34,240,155,744,534,4
-3,-3,0,-3.0,-3.0,0.6633501052856445,57.682493245507096,11,-51,-31,240,155,744,534,4
-4,-3,0,-4.0,-3.0,0.6711070537567139,52.70831746635972,11,-47,-28,240,155,744,534,4
-3,-2,0,-3.0,-2.0,0.6792082786560059,49.10772935672255,11,-44,-26,240,155,744,534,4
-3,-2,0,-3.0,-2.0,0.6873812675476074,45.50789408087881,11,-41,-24,240,155,744,534,4
-4,-2,0,-4.0,-2.0,0.6950962543487549,41.04648650006177,11,-37,-22,240,155,744,534,4
-4,-2,0,-4.0,-2.0,0.7033522129058838,36.58756276314948,11,-33,-20,240,155,744,534,4
-2,-1,0,-2.0,-1.0,0.7112112045288086,34.359317925395686,11,-31,-19,240,155,744,534,4
-1,-1,0,-1.0,-1.0,0.719210147857666,32.9857113690718,11,-30,-18,240,155,744,534,4
-3,0,0,-3.0,-0.0,0.727135181427002,30.449961479175904,11,-27,-18,240,155,744,534,4
-2,-1,0,-2.0,-1.0,0.735126256942749,28.23243291566195,11,-25,-17,240,155,744,534,4
-2,-1,0,-2.0,-1.0,0.7432172298431396,26.0178514522438,11,-23,-16,240,155,744,534,4
-2,-1,0,-2.0,-1.0,0.7511861324310303,23.80697580112788,11,-21,-15,240,155,744,534,4
-1,0,0,-1.0,-0.0,0.7595391273498535,23.0,11,-20,-15,240,155,744,534,4
-2,-1,0,-2.0,-1.0,0.7673392295837402,20.80350850198276,11,-18,-14,240,155,744,534,4
-1,0,0,-1.0,-0.0,0.7751622200012207,20.02271554554524,11,-17,-14,240,155,744,534,4
-2,-1,0,-2.0,-1.0,0.7831501960754395,17.849433241279208,11,-15,-13,240,155,744,534,4
-1,-1,0,-1.0,-1.0,0.791100263595581,16.439088914585774,11,-14,-12,240,155,744,534,4
-2,-1,0,-2.0,-1.0,0.7991640567779541,14.278820596099706,11,-12,-11,240,155,744,534,4
-1,0,0,-1.0,-0.0,0.8075461387634277,13.556349186104045,11,-11,-11,240,155,744,534,4
-1,-2,0,-1.0,-2.0,0.8153111934661865,11.45362404707371,11,-10,-9,240,155,744,534,4
-1,-1,0,-1.0,-1.0,0.8232600688934326,10.041594578792296,11,-9,-8,240,155,744,534,4
-1,-2,0,-1.0,-2.0,0.8312962055206299,8.0,11,-8,-6,240,155,744,534,4
-2,-2,0,-2.0,-2.0,0.8390810489654541,5.211102550927978,11,-6,-4,240,155,744,534,4
-2,-2,0,-2.0,-2.0,0.847069263458252,2.4721359549995796,11,-4,-2,240,155,744,534,4
-1,-3,0,-1.0,-3.0,0.855004072189331,1.1622776601683795,11,-3,1,240,155,744,534,4
-3,-1,0,-3.0,-1.0,0.8631632328033447,0.0,11,0,2,240,155,744,534,4
-2,-2,0,-2.0,-2.0,0.8712050914764404,2.4721359549995796,11,2,4,240,155,744,534,4
-2,-2,0,-2.0,-2.0,0.8801321983337402,5.211102550927978,11,4,6,240,155,744,534,4
-3,-1,0,-3.0,-1.0,0.887296199798584,7.899494936611665,11,7,7,240,155,744,534,4
-2,-1,0,-2.0,-1.0,0.8958542346954346,10.041594578792296,11,9,8,240,155,744,534,4
-1,-2,0,-1.0,-2.0,0.9033751487731934,12.142135623730951,11,10,10,240,155,744,534,4
-1,0,0,-1.0,-0.0,0.9112401008605957,12.866068747318506,11,11,10,240,155,744,534,4
-1,0,0,-1.0,-0.0,0.9271671772003174,13.620499351813308,11,12,10,240,155,744,534,4
0,0,1,-0.0,-0.0,1.0211622714996338,13.620499351813308,11,12,10,240,155,744,534,4
0,0,0,-0.0,-0.0,1.1162841320037842,13.620499351813308,11,12,10,240,155,744,534,4
1,0,0,1.0,-0.0,1.1751971244812012,12.866068747318506,11,11,10,240,155,744,534,4
1,1,0,1.0,1.0,1.1831462383270264,11.45362404707371,11,10,9,240,155,744,534,4
2,1,0,2.0,1.0,1.1911680698394775,9.313708498984761,11,8,8,240,155,744,534,4
1,1,0,1.0,1.0,1.1996650695800781,7.899494936611665,11,7,7,240,155,744,534,4
1,0,0,1.0,-0.0,1.207139253616333,7.219544457292887,11,6,7,240,155,744,534,4
0,1,0,-0.0,1.0,1.2152512073516846,6.4852813742385695,11,6,6,240,155,744,534,4
1,1,0,1.0,1.0,1.2231521606445312,5.0710678118654755,11,5,5,240,155,744,534,4
1,1,0,1.0,1.0,1.2312211990356445,3.6568542494923806,11,4,4,240,155,744,534,4
0,1,0,-0.0,1.0,1.2472190856933594,3.0,11,4,3,240,155,744,534,4
1,0,0,1.0,-0.0,1.2633001804351807,2.2426406871192848,11,3,3,240,155,744,534,4
1,1,0,1.0,1.0,1.2714121341705322,0.8284271247461903,11,2,2,240,155,744,534,4
0,0,1,-0.0,-0.0,1.2782201766967773,0.8284271247461903,11,2,2,240,155,744,534,4
1,0,1,1.0,-0.0,1.3196301460266113,0.2360679774997898,11,1,2,240,155,744,534,4
2,1,1,2.0,1.0,1.3274142742156982,-0.5857864376269049,11,-1,1,240,155,744,534,4
1,0,1,1.0,-0.0,1.33514404296875,0.2360679774997898,11,-2,1,240,155,744,534,4
0,0,0,-0.0,-0.0,1.3770651817321777,0.2360679774997898,11,-2,1,240,155,744,534,4
0,0,1,-0.0,-0.0,1.5371651649475098,0.2360679774997898,11,-2,1,240,155,744,534,4
0,0,0,-0.0,-0.0,0.11362004280090332,925.4972498650795,12,936,187,1178,341,242,154,59
1,0,0,1.0,-0.0,0.19864892959594727,924.5166490418508,12,935,187,1178,341,242,154,59
3,1,0,3.0,1.0,0.20725202560424805,921.3788718190235,12,932,186,1178,341,242,154,59
6,2,0,6.0,2.0,0.21515607833862305,915.1038078516578,12,926,184,1178,341,242,154,59
5,3,0,5.0,3.0,0.22263193130493164,909.6170678183942,12,921,181,1178,341,242,154,59
5,3,0,5.0,3.0,0.2306530475616455,904.1345026307837,12,916,178,1178,341,242,154,59
8,3,0,8.0,3.0,0.2392411231994629,895.7102248812868,12,908,175,1178,341,242,154,59
9,3,0,9.0,3.0,0.24644112586975098,886.3059597752,12,899,172,1178,341,242,154,59
12,3,0,12.0,3.0,0.25452208518981934,873.9562558618219,12,887,169,1178,341,242,154,59
18,3,0,18.0,3.0,0.26262497901916504,855.7129477971937,12,869,166,1178,341,242,154,59
24,2,0,24.0,2.0,0.27059292793273926,831.7676806200382,12,845,164,1178,341,242,154,59
27,3,0,27.0,3.0,0.27855896949768066,804.6935887962675,12,818,161,1178,341,242,154,59
32,3,0,32.0,3.0,0.28647899627685547,772.7231442337186,12,786,158,1178,341,242,154,59
37,4,0,37.0,4.0,0.2948899269104004,735.667901771743,12,749,154,1178,341,242,154,59
40,4,0,40.0,4.0,0.3026390075683594,695.693728412217,12,709,150,1178,341,242,154,59
44,8,0,44.0,8.0,0.3106241226196289,650.9919117166027,12,665,142,1178,341,242,154,59
48,8,0,48.0,8.0,0.3186631202697754,602.3834017457222,12,617,134,1178,341,242,154,59
45,10,0,45.0,10.0,0.3266630172729492,556.2862547506135,12,572,124,1178,341,242,154,59
39,8,0,39.0,8.0,0.3345761299133301,516.4768556043418,12,533,116,1178,341,242,154,59
32,8,0,32.0,8.0,0.3425741195678711,483.5085365142711,12,501,108,1178,341,242,154,59
28,6,0,28.0,6.0,0.3505980968475342,454.872917200374,12,473,102,1178,341,242,154,59
23,6,0,23.0,6.0,0.35855913162231445,431.1260696809082,12,450,96,1178,341,242,154,59
21,4,0,21.0,4.0,0.36760497093200684,409.7539173614294,12,429,92,1178,341,242,154,59
17,3,0,17.0,3.0,0.37450695037841797,392.50326214633264,12,412,89,1178,341,242,154,59
13,2,0,13.0,2.0,0.38272905349731445,379.37482782365515,12,399,87,1178,341,242,154,59
10,1,0,10.0,1.0,0.3906080722808838,369.39302202724383,12,389,86,1178,341,242,154,59
6,1,0,6.0,1.0,0.39856910705566406,363.3187479588504,12,383,85,1178,341,242,154,59
6,0,0,6.0,-0.0,0.4066579341888428,357.46345234704927,12,377,85,1178,341,242,154,59
3,0,0,3.0,-0.0,0.4147520065307617,354.5374818710682,12,374,85,1178,341,242,154,59
2,1,0,2.0,1.0,0.422680139541626,352.3659659696969,12,372,84,1178,341,242,154,59
1,0,0,1.0,-0.0,0.4305391311645508,351.3905887374187,12,371,84,1178,341,242,154,59
2,1,0,2.0,1.0,0.4385249614715576,349.21951298154886,12,369,83,1178,341,242,154,59
3,2,0,3.0,2.0,0.4467020034790039,345.85597234137805,12,366,81,1178,341,242,154,59
6,3,0,6.0,3.0,0.45474910736083984,339.35309147609985,12,360,78,1178,341,242,154,59
7,4,0,7.0,4.0,0.46242499351501465,331.672982076562,12,353,74,1178,341,242,154,59
9,6,0,9.0,6.0,0.4705801010131836,321.65652710308984,12,344,68,1178,341,242,154,59
10,5,0,10.0,5.0,0.4785621166229248,310.8896879871468,12,334,63,1178,341,242,154,59
10,6,0,10.0,6.0,0.48654794692993164,299.97568299191965,12,324,57,1178,341,242,154,59
10,6,0,10.0,6.0,0.494671106338501,289.1147591671911,12,314,51,1178,341,242,154,59
12,6,0,12.0,6.0,0.5025320053100586,276.3342430845253,12,302,45,1178,341,242,154,59
13,5,0,13.0,5.0,0.5105321407318115,262.75503423248756,12,289,40,1178,341,242,154,59
14,6,0,14.0,6.0,0.5188469886779785,248.09384691833196,12,275,34,1178,341,242,154,59
16,4,0,16.0,4.0,0.5266671180725098,231.73166282597901,12,259,30,1178,341,242,154,59
15,3,0,15.0,3.0,0.5348291397094727,216.48930730278255,12,244,27,1178,341,242,154,59
14,3,0,14.0,3.0,0.542626142501831,202.24878378058554,12,230,24,1178,341,242,154,59
11,2,0,11.0,2.0,0.5505409240722656,191.10224896624752,12,219,22,1178,341,242,154,59
7,1,0,7.0,1.0,0.558509111404419,184.03755537463343,12,212,21,1178,341,242,154,59
5,1,0,5.0,1.0,0.5665340423583984,178.96393918177256,12,207,20,1178,341,242,154,59
4,0,0,4.0,-0.0,0.5745539665222168,174.98284241572867,12,203,20,1178,341,242,154,59
3,0,0,3.0,-0.0,0.582564115524292,171.9975124224178,12,200,20,1178,341,242,154,59
2,0,0,2.0,-0.0,0.5904941558837891,170.00753754569197,12,198,20,1178,341,242,154,59
2,-1,0,2.0,-1.0,0.598484992980957,168.12178976460214,12,196,21,1178,341,242,154,59
3,0,0,3.0,-0.0,0.6065490245819092,165.1391253714717,12,193,21,1178,341,242,154,59
4,-1,0,4.0,-1.0,0.6145279407501221,161.2761151589973,12,189,22,1178,341,242,154,59
6,0,0,6.0,-0.0,0.6224610805511475,155.31766057543157,12,183,22,1178,341,242,154,59
7,-1,0,7.0,-1.0,0.632314920425415,148.49647883831386,12,176,23,1178,341,242,154,59
6,0,0,6.0,-0.0,0.6384429931640625,142.5488268686207,12,170,23,1178,341,242,154,59
5,-1,0,5.0,-1.0,0.6465480327606201,137.73631877908304,12,165,24,1178,341,242,154,59
6,0,0,6.0,-0.0,0.6545441150665283,131.80111939908875,12,159,24,1178,341,242,154,59
7,-1,0,7.0,-1.0,0.6624951362609863,125.042202009709,12,152,25,1178,341,242,154,59
11,-1,0,11.0,-1.0,0.6704161167144775,114.37712509323097,12,141,26,1178,341,242,154,59
12,-1,0,12.0,-1.0,0.6786270141601562,102.79529581893277,12,129,27,1178,341,242,154,59
11,0,0,11.0,-0.0,0.6865980625152588,92.0495766204905,12,118,27,1178,341,242,154,59
12,0,0,12.0,-0.0,0.6944899559020996,80.38464243210744,12,106,27,1178,341,242,154,59
12,0,0,12.0,-0.0,0.7038121223449707,68.8008179924892,12,94,27,1178,341,242,154,59
10,0,0,10.0,-0.0,0.7104759216308594,59.232647019116456,12,84,27,1178,341,242,154,59
9,0,0,9.0,-0.0,0.7185781002044678,50.71198153351854,12,75,27,1178,341,242,154,59
9,0,0,9.0,-0.0,0.7264981269836426,42.30918594402827,12,66,27,1178,341,242,154,59
9,1,0,9.0,1.0,0.7344861030578613,33.64982043070834,12,57,26,1178,341,242,154,59
6,0,0,6.0,-0.0,0.7424061298370361,28.245087125446844,12,51,26,1178,341,242,154,59
5,0,0,5.0,-0.0,0.7504720687866211,23.839379254491625,12,46,26,1178,341,242,154,59
3,1,0,3.0,1.0,0.7593801021575928,20.73932046178355,12,43,25,1178,341,242,154,59
3,0,0,3.0,-0.0,0.7664840221405029,18.16990566028302,12,40,25,1178,341,242,154,59
2,0,0,2.0,-0.0,0.7744240760803223,16.486261662176638,12,38,25,1178,341,242,154,59
1,0,0,1.0,-0.0,0.782588005065918,15.654227123532216,12,37,25,1178,341,242,154,59
1,0,0,1.0,-0.0,0.7905359268188477,14.829214001622255,12,36,25,1178,341,242,154,59
1,0,0,1.0,-0.0,0.7984769344329834,14.011626335213137,12,35,25,1178,341,242,154,59
0,0,1,-0.0,-0.0,0.8224420547485352,14.011626335213137,12,35,25,1178,341,242,154,59
2,0,1,2.0,-0.0,0.03742098808288574,499.86734962202024,13,-414,321,731,637,1143,316,48
1,0,1,1.0,-0.0,0.04542398452758789,500.65798383327785,13,-415,321,731,637,1143,316,48
0,0,0,-0.0,-0.0,0.0724189281463623,500.65798383327785,13,-415,321,731,637,1143,316,48
1,0,0,1.0,-0.0,0.1255018711090088,501.449331524934,13,-416,321,731,637,1143,316,48
3,0,0,3.0,-0.0,0.13332104682922363,503.82762337717793,13,-419,321,731,637,1143,316,48
4,2,0,4.0,2.0,0.14133906364440918,505.80184975139525,13,-423,319,731,637,1143,316,48
5,2,0,5.0,2.0,0.14954400062561035,508.6096131314192,13,-428,317,731,637,1143,316,48
4,3,0,4.0,3.0,0.1573488712310791,510.05992173163486,13,-432,314,731,637,1143,316,48
2,1,0,2.0,1.0,0.16667890548706055,511.0934497823721,13,-434,313,731,637,1143,316,48
1,1,0,1.0,1.0,0.17333006858825684,511.3213987876816,13,-435,312,731,637,1143,316,48
-1,2,0,-1.0,2.0,0.1894969940185547,509.3441665566429,13,-434,310,731,637,1143,316,48
-5,3,0,-5.0,3.0,0.19742393493652344,503.5319895513446,13,-429,307,731,637,1143,316,48
-9,7,0,-9.0,7.0,0.20548701286315918,492.1395160225576,13,-420,300,731,637,1143,316,48
-13,10,0,-13.0,10.0,0.213331937789917,475.74893696735364,13,-407,290,731,637,1143,316,48
-17,13,0,-17.0,13.0,0.2213609218597412,454.3607425364251,13,-390,277,731,637,1143,316,48
-21,16,0,-21.0,16.0,0.22948694229125977,427.9756630616299,13,-369,261,731,637,1143,316,48
-24,19,0,-24.0,19.0,0.23743796348571777,397.41309898957815,13,-345,242,731,637,1143,316,48
-27,19,0,-27.0,19.0,0.2453479766845703,364.3979917558792,13,-318,223,731,637,1143,316,48
-25,18,0,-25.0,18.0,0.2533550262451172,333.59474269066095,13,-293,205,731,637,1143,316,48
-22,18,0,-22.0,18.0,0.26158690452575684,305.2567387313432,13,-271,187,731,637,1143,316,48
-17,14,0,-17.0,14.0,0.2693650722503662,283.31905245200795,13,-254,173,731,637,1143,316,48
-14,11,0,-14.0,11.0,0.27736592292785645,265.5582842883277,13,-240,162,731,637,1143,316,48
-11,9,0,-11.0,9.0,0.28551506996154785,251.40878707840824,13,-229,153,731,637,1143,316,48
-12,8,0,-12.0,8.0,0.29345107078552246,236.98658969380017,13,-217,145,731,637,1143,316,48
-11,8,0,-11.0,8.0,0.30153989791870117,223.39644298170498,13,-206,137,731,637,1143,316,48
-10,7,0,-10.0,7.0,0.30945396423339844,211.1935373261774,13,-196,130,731,637,1143,316,48
-7,5,0,-7.0,5.0,0.3175389766693115,202.59655778497608,13,-189,125,731,637,1143,316,48
-7,4,0,-7.0,4.0,0.32546305656433105,194.55205329623422,13,-182,121,731,637,1143,316,48
-5,4,0,-5.0,4.0,0.33352208137512207,188.17445652104308,13,-177,117,731,637,1143,316,48
-3,3,0,-3.0,3.0,0.34143590927124023,184.0192298803166,13,-174,114,731,637,1143,316,48
-3,1,0,-3.0,1.0,0.3493778705596924,180.9634113689563,13,-171,113,731,637,1143,316,48
-4,3,0,-4.0,3.0,0.3574528694152832,175.972498109115,13,-167,110,731,637,1143,316,48
-4,1,0,-4.0,1.0,0.3653440475463867,172.08671551127577,13,-163,109,731,637,1143,316,48
-5,3,0,-5.0,3.0,0.3734700679779053,166.26297590440447,13,-158,106,731,637,1143,316,48
-5,3,0,-5.0,3.0,0.38146400451660156,160.43969204051496,13,-153,103,731,637,1143,316,48
-6,3,0,-6.0,3.0,0.3895299434661865,153.78920102188434,13,-147,100,731,637,1143,316,48
-4,2,0,-4.0,2.0,0.3973560333251953,149.35801106380978,13,-143,98,731,637,1143,316,48
-4,2,0,-4.0,2.0,0.40544700622558594,144.92897915988246,13,-139,96,731,637,1143,316,48
-4,2,0,-4.0,2.0,0.41357994079589844,140.50227961946302,13,-135,94,731,637,1143,316,48
-4,2,0,-4.0,2.0,0.4276430606842041,136.0781059358212,13,-131,92,731,637,1143,316,48
-4,3,0,-4.0,3.0,0.4293210506439209,131.08062419270823,13,-127,89,731,637,1143,316,48
-5,3,0,-5.0,3.0,0.43732309341430664,125.26486525636233,13,-122,86,731,637,1143,316,48
-6,5,0,-6.0,5.0,0.44544291496276855,117.4814475470194,13,-116,81,731,637,1143,316,48
-5,3,0,-5.0,3.0,0.45342397689819336,111.66502865514016,13,-111,78,731,637,1143,316,48
-5,4,0,-5.0,4.0,0.4613518714904785,105.27490088953849,13,-106,74,731,637,1143,316,48
-5,4,0,-5.0,4.0,0.4693920612335205,98.88612614937456,13,-101,70,731,637,1143,316,48
-5,4,0,-5.0,4.0,0.47742700576782227,92.49892703368559,13,-96,66,731,637,1143,316,48
-6,5,0,-6.0,5.0,0.48586297035217285,84.72442227944924,13,-90,61,731,637,1143,316,48
-6,4,0,-6.0,4.0,0.4933779239654541,77.51354589413178,13,-84,57,731,637,1143,316,48
-7,6,0,-7.0,6.0,0.5015149116516113,68.35799911215054,13,-77,51,731,637,1143,316,48
-9,5,0,-9.0,5.0,0.5094680786132812,58.09750300709517,13,-68,46,731,637,1143,316,48
-9,5,0,-9.0,5.0,0.5173840522766113,47.847059786744225,13,-59,41,731,637,1143,316,48
-9,6,0,-9.0,6.0,0.526047945022583,37.032778078668514,13,-50,35,731,637,1143,316,48
-10,7,0,-10.0,7.0,0.5334351062774658,24.82622246293481,13,-40,28,731,637,1143,316,48
-8,5,0,-8.0,5.0,0.5415148735046387,15.408120990476064,13,-32,23,731,637,1143,316,48
-7,5,0,-7.0,5.0,0.5494310855865479,6.805843601498726,13,-25,18,731,637,1143,316,48
-5,3,0,-5.0,3.0,0.5573420524597168,1.0,13,-20,15,731,637,1143,316,48
-5,2,0,-5.0,2.0,0.5653400421142578,-4.150566758720792,13,-15,13,731,637,1143,316,48
-3,3,0,-3.0,3.0,0.5733931064605713,-8.379500648186692,13,-12,10,731,637,1143,316,48
-4,2,0,-4.0,2.0,0.5813770294189453,-12.686291501015239,13,-8,8,731,637,1143,316,48
-3,1,0,-3.0,1.0,0.5894949436187744,-15.397674732957373,13,-5,7,731,637,1143,316,48
-2,1,0,-2.0,1.0,0.597430944442749,-17.29179606750063,13,-3,6,731,637,1143,316,48
-1,0,0,-1.0,-0.0,0.6053299903869629,-17.67544467966324,13,-2,6,731,637,1143,316,48
-1,0,0,-1.0,-0.0,0.6213910579681396,-17.91723746970178,13,-1,6,731,637,1143,316,48
0,0,1,-0.0,-0.0,0.65647292137146,-17.91723746970178,13,-1,6,731,637,1143,316,48
0,0,0,-0.0,-0.0,0.056467533111572266,325.7347094211447,14,-336,134,396,765,732,631,72
-1,1,0,-1.0,1.0,0.2114543914794922,324.43584727382483,14,-335,133,396,765,732,631,72
-7,4,0,-7.0,4.0,0.21955657005310059,316.4556709715422,14,-328,129,396,765,732,631,72
-10,6,0,-10.0,6.0,0.22769641876220703,304.9589418097141,14,-318,123,396,765,732,631,72
-14,8,0,-14.0,8.0,0.23550152778625488,289.0246144525057,14,-304,115,396,765,732,631,72
-17,9,0,-17.0,9.0,0.24354958534240723,269.94934221207274,14,-287,106,396,765,732,631,72
-21,9,0,-21.0,9.0,0.2514815330505371,247.13424377845928,14,-266,97,396,765,732,631,72
-21,10,0,-21.0,10.0,0.25955748558044434,223.98846128241922,14,-245,87,396,765,732,631,72
-22,10,0,-22.0,10.0,0.26766443252563477,199.9194777885031,14,-223,77,396,765,732,631,72
-22,10,0,-22.0,10.0,0.2756514549255371,175.8726032312814,14,-201,67,396,765,732,631,72
-22,10,0,-22.0,10.0,0.28359556198120117,151.85632808079689,14,-179,57,396,765,732,631,72
-22,8,0,-22.0,8.0,0.29151248931884766,128.46884203398528,14,-157,49,396,765,732,631,72
-22,9,0,-22.0,9.0,0.29958248138427734,104.80127840328723,14,-135,40,396,765,732,631,72
-19,7,0,-19.0,7.0,0.30755043029785156,84.60265337047937,14,-116,33,396,765,732,631,72
-15,6,0,-15.0,6.0,0.3169565200805664,68.546640309481,14,-101,27,396,765,732,631,72
-13,4,0,-13.0,4.0,0.3235595226287842,54.95603333479313,14,-88,23,396,765,732,631,72
-11,4,0,-11.0,4.0,0.3315865993499756,43.30952023559341,14,-77,19,396,765,732,631,72
-8,3,0,-8.0,3.0,0.3394033908843994,34.83078426785913,14,-69,16,396,765,732,631,72
-7,3,0,-7.0,3.0,0.3476414680480957,27.348243858847418,14,-62,13,396,765,732,631,72
-6,3,0,-6.0,3.0,0.3555614948272705,20.88585061331157,14,-56,10,396,765,732,631,72
-5,1,0,-5.0,1.0,0.3634624481201172,15.788029504896208,14,-51,9,396,765,732,631,72
-3,2,0,-3.0,2.0,0.3716704845428467,12.507731342539614,14,-48,7,396,765,732,631,72
-1,0,0,-1.0,-0.0,0.3795454502105713,11.518417482066887,14,-47,7,396,765,732,631,72
0,0,1,-0.0,-0.0,0.43446850776672363,11.518417482066887,14,-47,7,396,765,732,631,72
0,0,0,-0.0,-0.0,0.07600569725036621,395.9519879330696,15,112,-412,555,346,443,758,63
0,-1,0,-0.0,-1.0,0.16418957710266113,394.98708900622796,15,112,-411,555,346,443,758,63
4,-4,0,4.0,-4.0,0.172041654586792,390.0855020064215,15,108,-407,555,346,443,758,63
6,-7,0,6.0,-7.0,0.18007469177246094,381.8001937984041,15,102,-400,555,346,443,758,63
8,-6,0,8.0,-6.0,0.18813753128051758,374.05802053533023,15,94,-394,555,346,443,758,63
8,-8,0,8.0,-8.0,0.1961195468902588,364.4642841016114,15,86,-386,555,346,443,758,63
8,-10,0,8.0,-10.0,0.2040386199951172,353.0052082980125,15,78,-376,555,346,443,758,63
11,-13,0,11.0,-13.0,0.21206355094909668,338.13141291415445,15,67,-363,555,346,443,758,63
11,-17,0,11.0,-17.0,0.22002959251403809,319.5024964247758,15,56,-346,555,346,443,758,63
13,-20,0,13.0,-20.0,0.22800254821777344,297.8236609491476,15,43,-326,555,346,443,758,63
12,-21,0,12.0,-21.0,0.23618268966674805,275.57136200238926,15,31,-305,555,346,443,758,63
12,-22,0,12.0,-22.0,0.24406170845031738,252.63709207365667,15,19,-283,555,346,443,758,63
12,-25,0,12.0,-25.0,0.25198960304260254,227.09494377069848,15,7,-258,555,346,443,758,63
12,-27,0,12.0,-27.0,0.26009464263916016,200.05410621756974,15,-5,-231,555,346,443,758,63
12,-25,0,12.0,-25.0,0.2680695056915283,175.70026608594387,15,-17,-206,555,346,443,758,63
9,-25,0,9.0,-25.0,0.27605772018432617,151.8578683021324,15,-26,-181,555,346,443,758,63
5,-25,0,5.0,-25.0,0.28412961959838867,128.05030650709227,15,-31,-156,555,346,443,758,63
3,-26,0,3.0,-26.0,0.2921156883239746,103.37261625792661,15,-34,-130,555,346,443,758,63
0,-24,0,-0.0,-24.0,0.3000526428222656,80.31936040060597,15,-34,-106,555,346,443,758,63
0,-19,0,-0.0,-19.0,0.30805253982543945,62.40770846134703,15,-34,-87,555,346,443,758,63
-2,-16,0,-2.0,-16.0,0.316051721572876,46.87810988975015,15,-32,-71,555,346,443,758,63
-2,-14,0,-2.0,-14.0,0.3240926265716553,33.41273166075166,15,-30,-57,555,346,443,758,63
-4,-12,0,-4.0,-12.0,0.33209753036499023,20.97114584074513,15,-26,-45,555,346,443,758,63
-3,-8,0,-3.0,-8.0,0.3400115966796875,12.56604182158393,15,-23,-37,555,346,443,758,63
-3,-7,0,-3.0,-7.0,0.3480956554412842,5.055512754639892,15,-20,-30,555,346,443,758,63
-2,-5,0,-2.0,-5.0,0.35598254203796387,-0.1941563985012742,15,-18,-25,555,346,443,758,63
-2,-2,0,-2.0,-2.0,0.36400651931762695,-2.9821485477562,15,-16,-23,555,346,443,758,63
0,-1,0,-0.0,-1.0,0.37198853492736816,-3.797058982529112,15,-16,-22,555,346,443,758,63
0,0,1,-0.0,-0.0,0.4619765281677246,-3.797058982529112,15,-16,-22,555,346,443,758,63
0,0,0,-0.0,-0.0,0.07322573661804199,391.16137616229884,16,394,-121,965,247,571,368,42
2,0,0,2.0,-0.0,0.08128166198730469,389.2499238269277,16,392,-121,965,247,571,368,42
3,-1,0,3.0,-1.0,0.0893557071685791,386.0884424790269,16,389,-120,965,247,571,368,42
5,-1,0,5.0,-1.0,0.09722566604614258,381.01616882906586,16,384,-119,965,247,571,368,42
3,0,0,3.0,-0.0,0.10520172119140625,378.1516002723777,16,381,-119,965,247,571,368,42
3,0,0,3.0,-0.0,0.11327362060546875,375.2890359321085,16,378,-119,965,247,571,368,42
4,0,0,4.0,-0.0,0.1212615966796875,371.4754769409167,16,374,-119,965,247,571,368,42
5,1,0,5.0,1.0,0.1293337345123291,367.02190659806826,16,369,-120,965,247,571,368,42
5,3,0,5.0,3.0,0.137298583984375,363.2199890687625,16,364,-123,965,247,571,368,42
5,3,0,5.0,3.0,0.14527654647827148,359.46944686794495,16,359,-126,965,247,571,368,42
6,4,0,6.0,4.0,0.15327858924865723,355.17682012585516,16,353,-130,965,247,571,368,42
7,4,0,7.0,4.0,0.16134262084960938,350.04177662360337,16,346,-134,965,247,571,368,42
11,5,0,11.0,5.0,0.16930270195007324,341.6927073984256,16,335,-139,965,247,571,368,42
16,7,0,16.0,7.0,0.17728662490844727,329.823317355047,16,319,-146,965,247,571,368,42
19,7,0,19.0,7.0,0.18528270721435547,315.7625276066207,16,300,-153,965,247,571,368,42
23,5,0,23.0,5.0,0.19326162338256836,297.89339911638183,16,277,-158,965,247,571,368,42
27,2,0,27.0,2.0,0.2012317180633545,275.8164415931166,16,250,-160,965,247,571,368,42
29,1,0,29.0,1.0,0.20929956436157227,252.42640691783959,16,221,-161,965,247,571,368,42
29,-1,0,29.0,-1.0,0.2173147201538086,228.92798962901293,16,192,-160,965,247,571,368,42
29,-2,0,29.0,-2.0,0.2252805233001709,206.00881040171106,16,163,-158,965,247,571,368,42
27,-3,0,27.0,-3.0,0.2332596778869629,185.20620747203515,16,136,-155,965,247,571,368,42
27,-4,0,27.0,-4.0,0.2412736415863037,165.23103930333417,16,109,-151,965,247,571,368,42
24,-4,0,24.0,-4.0,0.24931573867797852,148.80577139779436,16,85,-147,965,247,571,368,42
20,-5,0,20.0,-5.0,0.2573246955871582,135.16977940690063,16,65,-142,965,247,571,368,42
18,-7,0,18.0,-7.0,0.26526355743408203,121.94754282603111,16,47,-135,965,247,571,368,42
15,-8,0,15.0,-8.0,0.27334165573120117,109.96946208945045,16,32,-127,965,247,571,368,42
14,-9,0,14.0,-9.0,0.2813296318054199,98.36498649101419,16,18,-118,965,247,571,368,42
12,-11,0,12.0,-11.0,0.28956055641174316,86.16809226630845,16,6,-107,965,247,571,368,42
11,-10,0,11.0,-10.0,0.2973635196685791,76.12878049270464,16,-5,-97,965,247,571,368,42
9,-10,0,9.0,-10.0,0.30524468421936035,67.11923740024082,16,-14,-87,965,247,571,368,42
7,-10,0,7.0,-10.0,0.3133246898651123,58.81227975693966,16,-21,-77,965,247,571,368,42
5,-10,0,5.0,-10.0,0.32132959365844727,50.867934435323804,16,-26,-67,965,247,571,368,42
4,-10,0,4.0,-10.0,0.32932472229003906,43.41273166075166,16,-30,-57,965,247,571,368,42
3,-9,0,3.0,-9.0,0.33734560012817383,37.249463516842795,16,-33,-48,965,247,571,368,42
3,-6,0,3.0,-6.0,0.3453376293182373,34.31726674375732,16,-36,-42,965,247,571,368,42
3,-6,0,3.0,-6.0,0.3532736301422119,32.075418038862395,16,-39,-36,965,247,571,368,42
3,-6,0,3.0,-6.0,0.361391544342041,30.61395160225576,16,-42,-30,965,247,571,368,42
2,-5,0,2.0,-5.0,0.3692626953125,29.606323715519977,16,-44,-25,965,247,571,368,42
1,-3,0,1.0,-3.0,0.3773677349090576,29.089919145472777,16,-45,-22,965,247,571,368,42
2,-3,0,2.0,-3.0,0.3852217197418213,29.695167422546305,16,-47,-19,965,247,571,368,42
1,-2,0,1.0,-2.0,0.3933415412902832,29.921508225896062,16,-48,-17,965,247,571,368,42
1,-2,0,1.0,-2.0,0.40129756927490234,30.24451190127583,16,-49,-15,965,247,571,368,42
2,-2,0,2.0,-2.0,0.40938854217529297,31.630789467763066,16,-51,-13,965,247,571,368,42
2,-3,0,2.0,-3.0,0.41738462448120117,32.9351462406472,16,-53,-10,965,247,571,368,42
2,-3,0,2.0,-3.0,0.42530155181884766,34.44366510251645,16,-55,-7,965,247,571,368,42
1,-2,0,1.0,-2.0,0.4332447052001953,35.22277118748239,16,-56,-5,965,247,571,368,42
0,-1,0,-0.0,-1.0,0.4412107467651367,35.142675390472796,16,-56,-4,965,247,571,368,42
0,0,1,-0.0,-0.0,0.47122859954833984,35.142675390472796,16,-56,-4,965,247,571,368,42
-2,0,1,-2.0,-0.0,0.5452535152435303,33.147945482723536,16,-54,-4,965,247,571,368,42
0,0,0,-0.0,-0.0,0.5524446964263916,33.147945482723536,16,-54,-4,965,247,571,368,42
-2,0,0,-2.0,-0.0,0.5561857223510742,31.153619241621193,16,-52,-4,965,247,571,368,42
-3,0,0,-3.0,-0.0,0.56130051612854,28.16299421312742,16,-49,-4,965,247,571,368,42
-2,0,0,-2.0,-0.0,0.5693666934967041,26.16990566028302,16,-47,-4,965,247,571,368,42
-2,1,0,-2.0,1.0,0.5772795677185059,24.276925690687087,16,-45,-5,965,247,571,368,42
-2,0,0,-2.0,-0.0,0.5853126049041748,22.289721643826724,16,-43,-5,965,247,571,368,42
-2,0,0,-2.0,-0.0,0.5933375358581543,20.303752856126764,16,-41,-5,965,247,571,368,42
-2,0,0,-2.0,-0.0,0.6012036800384521,18.319206502675,16,-39,-5,965,247,571,368,42
-2,0,0,-2.0,-0.0,0.609311580657959,16.336309405188942,16,-37,-5,965,247,571,368,42
-2,0,0,-2.0,-0.0,0.6173815727233887,14.355339059327378,16,-35,-5,965,247,571,368,42
-1,0,0,-1.0,-0.0,0.6251647472381592,13.365680554879162,16,-34,-5,965,247,571,368,42
-1,0,0,-1.0,-0.0,0.6539707183837891,12.376638536557273,16,-33,-5,965,247,571,368,42
-3,0,0,-3.0,-0.0,0.6541366577148438,9.4138126514911,16,-30,-5,965,247,571,368,42
-3,0,0,-3.0,-0.0,0.65415358543396,6.459060435491963,16,-27,-5,965,247,571,368,42
-1,-1,0,-1.0,-1.0,0.6572666168212891,5.305892875931811,16,-26,-4,965,247,571,368,42
-1,0,0,-1.0,-0.0,0.6652927398681641,4.317977802344327,16,-25,-4,965,247,571,368,42
-1,0,0,-1.0,-0.0,0.6732556819915771,3.3310501211928774,16,-24,-4,965,247,571,368,42
-2,0,0,-2.0,-0.0,0.6813006401062012,1.360679774997898,16,-22,-4,965,247,571,368,42
-1,0,0,-1.0,-0.0,0.689314603805542,0.37755832643194864,16,-21,-4,965,247,571,368,42
-1,0,0,-1.0,-0.0,0.6971807479858398,-0.603921945628862,16,-20,-4,965,247,571,368,42
-1,0,0,-1.0,-0.0,0.705249547958374,-1.5835121610524006,16,-19,-4,965,247,571,368,42
-1,0,0,-1.0,-0.0,0.7134406566619873,-2.560911085414226,16,-18,-4,965,247,571,368,42
0,0,1,-0.0,-0.0,0.7183985710144043,-2.560911085414226,16,-18,-4,965,247,571,368,42
-2,0,1,-2.0,-0.0,0.7212777137756348,-4.507577497529358,16,-16,-4,965,247,571,368,42
-1,0,1,-1.0,-0.0,0.006082773208618164,937.1127637921355,17,754,612,1734,863,981,251,68
-1,0,1,-1.0,-0.0,0.014239788055419922,937.8893969994734,17,755,612,1734,863,981,251,68
0,-1,1,-0.0,-1.0,0.022212743759155273,938.519408546688,17,755,613,1734,863,981,251,68
-1,0,1,-1.0,-0.0,0.030157804489135742,939.2959467705596,17,756,613,1734,863,981,251,68
-1,0,1,-1.0,-0.0,0.07004570960998535,940.0728925496285,17,757,613,1734,863,981,251,68
0,0,0,-0.0,-0.0,0.07512664794921875,940.0728925496285,17,757,613,1734,863,981,251,68
-1,0,0,-1.0,-0.0,0.07824373245239258,940.8502449094425,17,758,613,1734,863,981,251,68
-1,0,0,-1.0,-0.0,0.09403276443481445,941.6280028781462,17,759,613,1734,863,981,251,68
0,3,0,-0.0,3.0,0.17422866821289062,939.7458600682213,17,759,610,1734,863,981,251,68
0,8,0,-0.0,8.0,0.18219876289367676,934.7543548289216,17,759,602,1734,863,981,251,68
1,11,0,1.0,11.0,0.1901097297668457,927.1685596189672,17,758,591,1734,863,981,251,68
3,11,0,3.0,11.0,0.19820380210876465,918.0635482991669,17,755,580,1734,863,981,251,68
5,11,0,5.0,11.0,0.20601987838745117,907.4143614795772,17,750,569,1734,863,981,251,68
7,11,0,7.0,11.0,0.21405887603759766,895.2001937150035,17,743,558,1734,863,981,251,68
8,11,0,8.0,11.0,0.22211265563964844,882.2063086445105,17,735,547,1734,863,981,251,68
9,12,0,9.0,12.0,0.23000574111938477,867.8320242705955,17,726,535,1734,863,981,251,68
15,14,0,15.0,14.0,0.2381138801574707,847.4544798229798,17,711,521,1734,863,981,251,68
18,16,0,18.0,16.0,0.246140718460083,823.4811951290827,17,693,505,1734,863,981,251,68
22,16,0,22.0,16.0,0.2541656494140625,796.2782666070455,17,671,489,1734,863,981,251,68
25,16,0,25.0,16.0,0.26215267181396484,766.6528586097722,17,646,473,1734,863,981,251,68
29,18,0,29.0,18.0,0.2701857089996338,732.6250713353953,17,617,455,1734,863,981,251,68
32,18,0,32.0,18.0,0.2782168388366699,696.2013420968219,17,585,437,1734,863,981,251,68
36,22,0,36.0,22.0,0.2861168384552002,654.2049113454509,17,549,415,1734,863,981,251,68
37,24,0,37.0,24.0,0.29408979415893555,610.2243398071823,17,512,391,1734,863,981,251,68
38,26,0,38.0,26.0,0.3020436763763428,564.2482762198316,17,474,365,1734,863,981,251,68
35,29,0,35.0,29.0,0.3101327419281006,518.826374189944,17,439,336,1734,863,981,251,68
34,29,0,34.0,29.0,0.31811976432800293,474.20665088131227,17,405,307,1734,863,981,251,68
31,26,0,31.0,26.0,0.3262147903442383,433.80017101322227,17,374,281,1734,863,981,251,68
26,22,0,26.0,22.0,0.3342888355255127,399.8029506584758,17,348,259,1734,863,981,251,68
23,20,0,23.0,20.0,0.3421807289123535,369.41789747109635,17,325,239,1734,863,981,251,68
20,16,0,20.0,16.0,0.35008788108825684,343.828003197222,17,305,223,1734,863,981,251,68
17,13,0,17.0,13.0,0.35815978050231934,322.4323217666995,17,288,210,1734,863,981,251,68
13,11,0,13.0,11.0,0.36611175537109375,305.44955442598535,17,275,199,1734,863,981,251,68
9,7,0,9.0,7.0,0.37402772903442383,294.05487345869443,17,266,192,1734,863,981,251,68
7,5,0,7.0,5.0,0.38207483291625977,285.4526568992658,17,259,187,1734,863,981,251,68
5,4,0,5.0,4.0,0.3901498317718506,279.05750270517393,17,254,183,1734,863,981,251,68
5,6,0,5.0,6.0,0.39818572998046875,271.4995908344232,17,249,177,1734,863,981,251,68
5,6,0,5.0,6.0,0.40615272521972656,263.9546945426435,17,244,171,1734,863,981,251,68
5,5,0,5.0,5.0,0.4140968322753906,256.9931270666027,17,239,166,1734,863,981,251,68
3,4,0,3.0,4.0,0.42211174964904785,252.2516375499012,17,236,162,1734,863,981,251,68
2,4,0,2.0,4.0,0.4301567077636719,248.34730386529282,17,234,158,1734,863,981,251,68
2,4,0,2.0,4.0,0.43801283836364746,244.46005099475218,17,232,154,1734,863,981,251,68
1,3,0,1.0,3.0,0.4460108280181885,241.9746365157494,17,231,151,1734,863,981,251,68
3,2,0,3.0,2.0,0.4541187286376953,238.3692346796899,17,228,149,1734,863,981,251,68
3,3,0,3.0,3.0,0.4620707035064697,234.21819475941595,17,225,146,1734,863,981,251,68
4,5,0,4.0,5.0,0.4700896739959717,228.14881269996243,17,221,141,1734,863,981,251,68
4,4,0,4.0,4.0,0.4781467914581299,222.62813563598206,17,217,137,1734,863,981,251,68
5,4,0,5.0,4.0,0.48624086380004883,216.2658586383688,17,212,133,1734,863,981,251,68
6,3,0,6.0,3.0,0.4941518306732178,209.58981916328113,17,206,130,1734,863,981,251,68
5,4,0,5.0,4.0,0.5021607875823975,203.22773868163057,17,201,126,1734,863,981,251,68
4,4,0,4.0,4.0,0.5101008415222168,197.71750041807374,17,197,122,1734,863,981,251,68
3,2,0,3.0,2.0,0.5181608200073242,194.114006584427,17,194,120,1734,863,981,251,68
3,3,0,3.0,3.0,0.5261507034301758,189.98660674245681,17,191,117,1734,863,981,251,68
2,2,0,2.0,2.0,0.5341217517852783,187.23742902140225,17,189,115,1734,863,981,251,68
3,3,0,3.0,3.0,0.5421898365020752,183.1174797200815,17,186,112,1734,863,981,251,68
3,3,0,3.0,3.0,0.5501277446746826,179.00234740490538,17,183,109,1734,863,981,251,68
4,5,0,4.0,5.0,0.5582067966461182,173.01932276963907,17,179,104,1734,863,981,251,68
4,4,0,4.0,4.0,0.5661308765411377,167.55644370746373,17,175,100,1734,863,981,251,68
4,4,0,4.0,4.0,0.574143648147583,162.1045639448506,17,171,96,1734,863,981,251,68
5,4,0,5.0,4.0,0.5820176601409912,155.7893569197177,17,166,92,1734,863,981,251,68
5,5,0,5.0,5.0,0.5901577472686768,149.0027322200409,17,161,87,1734,863,981,251,68
6,4,0,6.0,4.0,0.5980198383331299,141.82377541163197,17,155,83,1734,863,981,251,68
6,3,0,6.0,3.0,0.6062147617340088,135.11830178901394,17,149,80,1734,863,981,251,68
7,4,0,7.0,4.0,0.6141507625579834,127.05899540230592,17,142,76,1734,863,981,251,68
7,4,0,7.0,4.0,0.622147798538208,119.0,17,135,72,1734,863,981,251,68
7,4,0,7.0,4.0,0.6301348209381104,110.9413674559475,17,128,68,1734,863,981,251,68
9,5,0,9.0,5.0,0.6381876468658447,100.64768843169941,17,119,63,1734,863,981,251,68
7,4,0,7.0,4.0,0.6460227966308594,92.58988901172162,17,112,59,1734,863,981,251,68
7,4,0,7.0,4.0,0.6540877819061279,84.53269591129698,17,105,55,1734,863,981,251,68
6,4,0,6.0,4.0,0.6620917320251465,77.36426715962351,17,99,51,1734,863,981,251,68
5,3,0,5.0,3.0,0.6701638698577881,71.54619841567009,17,94,48,1734,863,981,251,68
4,3,0,4.0,3.0,0.6781187057495117,66.62305898749054,17,90,45,1734,863,981,251,68
4,2,0,4.0,2.0,0.6861097812652588,62.15092303249095,17,86,43,1734,863,981,251,68
4,2,0,4.0,2.0,0.6941666603088379,57.67878707749138,17,82,41,1734,863,981,251,68
4,1,0,4.0,1.0,0.7021558284759521,53.65842800324451,17,78,40,1734,863,981,251,68
3,2,0,3.0,2.0,0.7102727890014648,50.077345343439575,17,75,38,1734,863,981,251,68
2,1,0,2.0,1.0,0.7180228233337402,47.8413098624405,17,73,37,1734,863,981,251,68
3,1,0,3.0,1.0,0.7260317802429199,44.714674616617714,17,70,36,1734,863,981,251,68
2,1,0,2.0,1.0,0.7340757846832275,42.47875521999558,17,68,35,1734,863,981,251,68
2,2,0,2.0,2.0,0.7421166896820068,39.79024325749306,17,66,33,1734,863,981,251,68
3,1,0,3.0,1.0,0.7500636577606201,36.661163307718056,17,63,32,1734,863,981,251,68
2,1,0,2.0,1.0,0.7581348419189453,34.425141578224014,17,61,31,1734,863,981,251,68
1,1,0,1.0,1.0,0.7661387920379639,33.08203932499369,17,60,30,1734,863,981,251,68
0,0,1,-0.0,-0.0,0.7700016498565674,33.08203932499369,17,60,30,1734,863,981,251,68
1,0,1,1.0,-0.0,0.774141788482666,32.18912297349165,17,59,30,1734,863,981,251,68
2,1,1,2.0,1.0,0.8060247898101807,29.953107821277925,17,57,29,1734,863,981,251,68
4,1,1,4.0,1.0,0.814166784286499,25.941638282582836,17,53,28,1734,863,981,251,68
0,0,0,-0.0,-0.0,0.8169987201690674,25.941638282582836,17,53,28,1734,863,981,251,68
8,2,0,8.0,2.0,0.8222417831420898,17.97114584074513,17,45,26,1734,863,981,251,68
10,3,0,10.0,3.0,0.8301718235015869,7.880783182743848,17,35,23,1734,863,981,251,68
11,4,0,11.0,4.0,0.8381447792053223,-3.389544269972067,17,24,19,1734,863,981,251,68
12,3,0,12.0,3.0,0.8462138175964355,-14.0,17,12,16,1734,863,981,251,68
11,3,0,11.0,3.0,0.8540966510772705,-20.961595189594703,17,1,13,1734,863,981,251,68
8,3,0,8.0,3.0,0.8620538711547852,-21.793444384266298,17,-7,10,1734,863,981,251,68
6,2,0,6.0,2.0,0.8700027465820312,-18.735662477526255,17,-13,8,1734,863,981,251,68
4,2,0,4.0,2.0,0.878119707107544,-15.972243622680054,17,-17,6,1734,863,981,251,68
2,0,0,2.0,-0.0,0.8861057758331299,-14.075141154828724,17,-19,6,1734,863,981,251,68
0,0,1,-0.0,-0.0,0.9560718536376953,-14.075141154828724,17,-19,6,1734,863,981,251,68
0,0,0,-0.0,-0.0,0.10193324089050293,1107.856505021651,18,-889,-707,864,150,1753,857,56
0,1,0,-0.0,1.0,0.17097926139831543,1108.479212304387,18,-889,-708,864,150,1753,857,56
-1,0,0,-1.0,-0.0,0.1787853240966797,1107.6971427277608,18,-888,-708,864,150,1753,857,56
-4,-2,0,-4.0,-2.0,0.18671441078186035,1103.323119183905,18,-884,-706,864,150,1753,857,56
-8,-3,0,-8.0,-3.0,0.19483327865600586,1095.2030092552282,18,-876,-703,864,150,1753,857,56
-11,-4,0,-11.0,-4.0,0.2027873992919922,1084.126791332715,18,-865,-699,864,150,1753,857,56
-14,-7,0,-14.0,-7.0,0.21094226837158203,1068.8431975446626,18,-851,-692,864,150,1753,857,56
-26,-9,0,-26.0,-9.0,0.2188272476196289,1043.0340797565686,18,-825,-683,864,150,1753,857,56
-35,-13,0,-35.0,-13.0,0.22684836387634277,1007.8571330062848,18,-790,-670,864,150,1753,857,56
-44,-18,0,-44.0,-18.0,0.23484134674072266,962.7673793580408,18,-746,-652,864,150,1753,857,56
-50,-22,0,-50.0,-22.0,0.2428443431854248,910.7843202780924,18,-696,-630,864,150,1753,857,56
-47,-24,0,-47.0,-24.0,0.25091123580932617,859.9397502083123,18,-649,-606,864,150,1753,857,56
-43,-25,0,-43.0,-25.0,0.2588653564453125,811.5218877432559,18,-606,-581,864,150,1753,857,56
-38,-25,0,-38.0,-25.0,0.2667043209075928,766.8333158593693,18,-568,-556,864,150,1753,857,56
-29,-24,0,-29.0,-24.0,0.2747213840484619,729.327538123367,18,-539,-532,864,150,1753,857,56
-24,-23,0,-24.0,-23.0,0.28272223472595215,696.0897734397304,18,-515,-509,864,150,1753,857,56
-19,-22,0,-19.0,-22.0,0.29082727432250977,667.1150983829945,18,-496,-487,864,150,1753,857,56
-18,-23,0,-18.0,-23.0,0.29897546768188477,638.1681469418963,18,-478,-464,864,150,1753,857,56
-18,-23,0,-18.0,-23.0,0.306746244430542,609.2448509011273,18,-460,-441,864,150,1753,857,56
-16,-21,0,-16.0,-21.0,0.3148462772369385,583.1759157558485,18,-444,-420,864,150,1753,857,56
-15,-20,0,-15.0,-20.0,0.3229513168334961,558.5500831131131,18,-429,-400,864,150,1753,857,56
-14,-18,0,-14.0,-18.0,0.33107829093933105,536.0469838586143,18,-415,-382,864,150,1753,857,56
-14,-17,0,-14.0,-17.0,0.3388674259185791,514.2416435501796,18,-401,-365,864,150,1753,857,56
-13,-15,0,-13.0,-15.0,0.3468754291534424,494.5361231532228,18,-388,-350,864,150,1753,857,56
-14,-15,0,-14.0,-15.0,0.35497546195983887,474.0966042506163,18,-374,-335,864,150,1753,857,56
-16,-14,0,-16.0,-14.0,0.3629772663116455,452.8378104933097,18,-358,-321,864,150,1753,857,56
-17,-14,0,-17.0,-14.0,0.37084436416625977,430.8354824989018,18,-341,-307,864,150,1753,857,56
-18,-14,0,-18.0,-14.0,0.3788933753967285,408.09402655849345,18,-323,-293,864,150,1753,857,56
-19,-13,0,-19.0,-13.0,0.38686442375183105,385.29892329886366,18,-304,-280,864,150,1753,857,56
-19,-11,0,-19.0,-11.0,0.39484143257141113,363.9004975755964,18,-285,-269,864,150,1753,857,56
-17,-10,0,-17.0,-10.0,0.40289735794067383,344.6996109469394,18,-268,-259,864,150,1753,857,56
-14,-8,0,-14.0,-8.0,0.41077637672424316,329.0952253951318,18,-254,-251,864,150,1753,857,56
-14,-9,0,-14.0,-9.0,0.4187314510345459,312.82840257232084,18,-240,-242,864,150,1753,857,56
-12,-8,0,-12.0,-8.0,0.426863431930542,298.71088136148757,18,-228,-234,864,150,1753,857,56
-11,-10,0,-11.0,-10.0,0.4349243640899658,283.8733717392365,18,-217,-224,864,150,1753,857,56
-11,-9,0,-11.0,-9.0,0.44286632537841797,269.7599704459953,18,-206,-215,864,150,1753,857,56
-10,-9,0,-10.0,-9.0,0.4508652687072754,256.3448610402516,18,-196,-206,864,150,1753,857,56
-10,-10,0,-10.0,-10.0,0.458848237991333,242.20732780589054,18,-186,-196,864,150,1753,857,56
-10,-10,0,-10.0,-10.0,0.46689724922180176,228.07030284669872,18,-176,-186,864,150,1753,857,56
-10,-9,0,-10.0,-9.0,0.4748404026031494,214.66231681083076,18,-166,-177,864,150,1753,857,56
-9,-9,0,-9.0,-9.0,0.4827432632446289,201.94129685639334,18,-157,-168,864,150,1753,857,56
-7,-8,0,-7.0,-8.0,0.49080729484558105,191.31712199461307,18,-150,-160,864,150,1753,857,56
-8,-8,0,-8.0,-8.0,0.49875330924987793,180.00961516237658,18,-142,-152,864,150,1753,857,56
-9,-8,0,-9.0,-8.0,0.5067973136901855,168.02295783912658,18,-133,-144,864,150,1753,857,56
-10,-9,0,-10.0,-9.0,0.5147104263305664,154.6307750626931,18,-123,-135,864,150,1753,857,56
-10,-10,0,-10.0,-10.0,0.5227673053741455,140.50519279832298,18,-113,-125,864,150,1753,857,56
-11,-9,0,-11.0,-9.0,0.5308394432067871,126.46682491719702,18,-102,-116,864,150,1753,857,56
-11,-7,0,-11.0,-7.0,0.5388333797454834,113.9929575718458,18,-91,-109,864,150,1753,857,56
-9,-7,0,-9.0,-7.0,0.5469393730163574,102.87398519186308,18,-82,-102,864,150,1753,857,56
-9,-6,0,-9.0,-6.0,0.5547614097595215,92.60265337047937,18,-73,-96,864,150,1753,857,56
-7,-7,0,-7.0,-7.0,0.5627584457397461,82.80162453682708,18,-66,-89,864,150,1753,857,56
-7,-6,0,-7.0,-6.0,0.5707802772521973,73.83319694480774,18,-59,-83,864,150,1753,857,56
-7,-5,0,-7.0,-5.0,0.5788552761077881,65.74433316206373,18,-52,-78,864,150,1753,857,56
-7,-5,0,-7.0,-5.0,0.5867583751678467,57.75546629807339,18,-45,-73,864,150,1753,857,56
-8,-6,0,-8.0,-6.0,0.5948493480682373,48.53757247260981,18,-37,-67,864,150,1753,857,56
-7,-5,0,-7.0,-5.0,0.6028482913970947,40.87670143089025,18,-30,-62,864,150,1753,857,56
-6,-5,0,-6.0,-5.0,0.6108694076538086,33.84658438426491,18,-24,-57,864,150,1753,857,56
-6,-4,0,-6.0,-4.0,0.6189863681793213,27.97320787662612,18,-18,-53,864,150,1753,857,56
-3,-4,0,-3.0,-4.0,0.6268904209136963,23.24451190127583,18,-15,-49,864,150,1753,857,56
-4,-4,0,-4.0,-4.0,0.6347713470458984,18.32493928760188,18,-11,-45,864,150,1753,857,56
-3,-3,0,-3.0,-3.0,0.642890453338623,14.755116652863897,18,-8,-42,864,150,1753,857,56
-2,-3,0,-2.0,-3.0,0.650801420211792,11.45883931389772,18,-6,-39,864,150,1753,857,56
-2,-2,0,-2.0,-2.0,0.6588902473449707,9.21558813185679,18,-4,-37,864,150,1753,857,56
-2,-2,0,-2.0,-2.0,0.6668543815612793,7.057096285916209,18,-2,-35,864,150,1753,857,56
-1,-1,0,-1.0,-1.0,0.6747753620147705,6.014702703389901,18,-1,-34,864,150,1753,857,56
-1,-2,0,-1.0,-2.0,0.6828384399414062,4.0,18,0,-32,864,150,1753,857,56
-2,-1,0,-2.0,-1.0,0.6907472610473633,3.0644491340181332,18,2,-31,864,150,1753,857,56
-1,-1,0,-1.0,-1.0,0.69895339012146,2.14962686336267,18,3,-30,864,150,1753,857,56
-1,-1,0,-1.0,-1.0,0.7068383693695068,1.274562336608895,18,4,-29,864,150,1753,857,56
-1,-1,0,-1.0,-1.0,0.7147853374481201,0.4429253066557841,18,5,-28,864,150,1753,857,56
-1,-1,0,-1.0,-1.0,0.7227754592895508,-0.3413666281213388,18,6,-27,864,150,1753,857,56
0,0,1,-0.0,-0.0,0.768721342086792,-0.3413666281213388,18,6,-27,864,150,1753,857,56
0,0,0,-0.0,-0.0,0.09557414054870605,350.0328933131973,19,133,356,991,533,858,177,61
-1,4,0,-1.0,4.0,0.17568016052246094,346.64306710730784,19,134,352,991,533,858,177,61
-1,12,0,-1.0,12.0,0.18368101119995117,335.8209944768069,19,135,340,991,533,858,177,61
2,17,0,2.0,17.0,0.19167208671569824,319.31074990615446,19,133,323,991,533,858,177,61
6,18,0,6.0,18.0,0.19964599609375,300.3846243395718,19,127,305,991,533,858,177,61
8,20,0,8.0,20.0,0.20763707160949707,278.8462400612965,19,119,285,991,533,858,177,61
10,21,0,10.0,21.0,0.2156682014465332,255.61687625208702,19,109,264,991,533,858,177,61
9,21,0,9.0,21.0,0.22367620468139648,232.77176408434752,19,100,243,991,533,858,177,61
8,21,0,8.0,21.0,0.23167800903320312,210.30813552603666,19,92,222,991,533,858,177,61
7,22,0,7.0,22.0,0.23972010612487793,187.3131381210073,19,85,200,991,533,858,177,61
4,22,0,4.0,22.0,0.24779415130615234,165.5632889885011,19,81,178,991,533,858,177,61
3,23,0,3.0,23.0,0.25579309463500977,143.5194513592064,19,78,155,991,533,858,177,61
0,22,0,-0.0,22.0,0.26368021965026855,124.18495387034366,19,78,133,991,533,858,177,61
0,21,0,-0.0,21.0,0.2716960906982422,106.48443134658254,19,78,112,991,533,858,177,61
1,19,0,1.0,19.0,0.2797222137451172,90.7393887677091,19,77,93,991,533,858,177,61
1,15,0,1.0,15.0,0.2876272201538086,78.90362712049586,19,76,78,991,533,858,177,61
3,15,0,3.0,15.0,0.29552412033081055,66.42613753542138,19,73,63,991,533,858,177,61
3,11,0,3.0,11.0,0.3037421703338623,57.20091742636656,19,70,52,991,533,858,177,61
4,9,0,4.0,9.0,0.3115870952606201,48.77182237323191,19,66,43,991,533,858,177,61
3,8,0,3.0,8.0,0.31963419914245605,42.069410986909006,19,63,35,991,533,858,177,61
3,5,0,3.0,5.0,0.32766222953796387,37.08203932499369,19,60,30,991,533,858,177,61
3,4,0,3.0,4.0,0.3356900215148926,32.64982043070834,19,57,26,991,533,858,177,61
2,3,0,2.0,3.0,0.3436720371246338,29.61543424315552,19,55,23,991,533,858,177,61
1,2,0,1.0,2.0,0.3516700267791748,27.9396237474839,19,54,21,991,533,858,177,61
0,1,0,-0.0,1.0,0.35996317863464355,27.584720195551874,19,54,20,991,533,858,177,61
1,0,0,1.0,-0.0,0.3836860656738281,26.648036153074187,19,53,20,991,533,858,177,61
1,0,0,1.0,-0.0,0.3916761875152588,25.713553108736477,19,52,20,991,533,858,177,61
3,0,0,3.0,-0.0,0.39960408210754395,22.924474489596967,19,49,20,991,533,858,177,61
4,0,0,4.0,-0.0,0.4076712131500244,19.244289008980523,19,45,20,991,533,858,177,61
4,0,0,4.0,-0.0,0.4156670570373535,15.617978911828175,19,41,20,991,533,858,177,61
3,0,0,3.0,-0.0,0.4235961437225342,12.941821107167776,19,38,20,991,533,858,177,61
2,0,0,2.0,-0.0,0.4315299987792969,11.182520563948003,19,36,20,991,533,858,177,61
2,0,0,2.0,-0.0,0.4396541118621826,9.446165846632042,19,34,20,991,533,858,177,61
1,0,0,1.0,-0.0,0.4475860595703125,8.587562763149478,19,33,20,991,533,858,177,61
2,0,0,2.0,-0.0,0.45568203926086426,6.891733491393431,19,31,20,991,533,858,177,61
0,0,1,-0.0,-0.0,0.5125410556793213,6.891733491393431,19,31,20,991,533,858,177,61
0,0,0,-0.0,-0.0,0.061896324157714844,646.3008304648439,20,-495,-449,465,64,960,513,44
-1,-1,0,-1.0,-1.0,0.19711828231811523,644.8882964934983,20,-494,-448,465,64,960,513,44
-4,-6,0,-4.0,-6.0,0.20492029190063477,637.8969616538631,20,-490,-442,465,64,960,513,44
-7,-9,0,-7.0,-9.0,0.21288418769836426,626.6740321609923,20,-483,-433,465,64,960,513,44
-10,-10,0,-10.0,-10.0,0.22092819213867188,612.5533862489428,20,-473,-423,465,64,960,513,44
-13,-13,0,-13.0,-13.0,0.22890734672546387,594.1980201201559,20,-460,-410,465,64,960,513,44
-16,-15,0,-16.0,-15.0,0.23701715469360352,572.2735060559237,20,-444,-395,465,64,960,513,44
-20,-19,0,-20.0,-19.0,0.24500322341918945,544.7027439495948,20,-424,-376,465,64,960,513,44
-23,-19,0,-23.0,-19.0,0.2530982494354248,514.8891878218446,20,-401,-357,465,64,960,513,44
-27,-20,0,-27.0,-20.0,0.26108622550964355,481.4332130481659,20,-374,-337,465,64,960,513,44
-27,-20,0,-27.0,-20.0,0.2690143585205078,447.9978723356096,20,-347,-317,465,64,960,513,44
-29,-20,0,-29.0,-20.0,0.276867151260376,413.12412022318415,20,-318,-297,465,64,960,513,44
-29,-18,0,-29.0,-18.0,0.28484129905700684,379.69889220658797,20,-289,-279,465,64,960,513,44
-31,-18,0,-31.0,-18.0,0.2929861545562744,344.9945503682582,20,-258,-261,465,64,960,513,44
-29,-15,0,-29.0,-15.0,0.30096435546875,314.09076155110245,20,-229,-246,465,64,960,513,44
-26,-13,0,-26.0,-13.0,0.3090181350708008,287.0275068662982,20,-203,-233,465,64,960,513,44
-23,-13,0,-23.0,-13.0,0.31702232360839844,262.2534080710379,20,-180,-220,465,64,960,513,44
-21,-14,0,-21.0,-14.0,0.32503628730773926,238.2249027283899,20,-159,-206,465,64,960,513,44
-19,-13,0,-19.0,-13.0,0.3330402374267578,216.4302833114955,20,-140,-193,465,64,960,513,44
-14,-14,0,-14.0,-14.0,0.34088921546936035,196.89952032839176,20,-126,-179,465,64,960,513,44
-14,-14,0,-14.0,-14.0,0.3489952087402344,177.42166381815193,20,-112,-165,465,64,960,513,44
-13,-13,0,-13.0,-13.0,0.35698413848876953,159.39735389470266,20,-99,-152,465,64,960,513,44
-11,-11,0,-11.0,-11.0,0.3649003505706787,144.20770138594662,20,-88,-141,465,64,960,513,44
-9,-9,0,-9.0,-9.0,0.3731253147125244,131.83432646844463,20,-79,-132,465,64,960,513,44
-8,-10,0,-8.0,-10.0,0.38102221488952637,119.15594213493105,20,-71,-122,465,64,960,513,44
-6,-8,0,-6.0,-8.0,0.38912415504455566,109.22880781291889,20,-65,-114,465,64,960,513,44
-6,-9,0,-6.0,-9.0,0.3970053195953369,98.44085685513866,20,-59,-105,465,64,960,513,44
-6,-8,0,-6.0,-8.0,0.4049952030181885,88.5350623105628,20,-53,-97,465,64,960,513,44
-5,-8,0,-5.0,-8.0,0.41300225257873535,79.11874208078342,20,-48,-89,465,64,960,513,44
-6,-8,0,-6.0,-8.0,0.42084527015686035,69.2414379544733,20,-42,-81,465,64,960,513,44
-2,-6,0,-2.0,-6.0,0.4289731979370117,63.0,20,-40,-75,465,64,960,513,44
-3,-5,0,-3.0,-5.0,0.43699121475219727,57.17701686727027,20,-37,-70,465,64,960,513,44
-1,-5,0,-1.0,-5.0,0.44487929344177246,52.30343195303969,20,-36,-65,465,64,960,513,44
-1,-5,0,-1.0,-5.0,0.45296525955200195,47.462219947249025,20,-35,-60,465,64,960,513,44
0,-5,0,-0.0,-5.0,0.4610123634338379,43.19202405202648,20,-35,-55,465,64,960,513,44
-1,-5,0,-1.0,-5.0,0.4689981937408447,38.4648658313239,20,-34,-50,465,64,960,513,44
0,-6,0,-0.0,-6.0,0.4770641326904297,33.60575509783138,20,-34,-44,465,64,960,513,44
-1,-5,0,-1.0,-5.0,0.48499035835266113,29.088159097779204,20,-33,-39,465,64,960,513,44
-2,-5,0,-2.0,-5.0,0.49312424659729004,24.010868281309364,20,-31,-34,465,64,960,513,44
-1,-3,0,-1.0,-3.0,0.5009281635284424,21.139309220245984,20,-30,-31,465,64,960,513,44
-1,-3,0,-1.0,-3.0,0.5089261531829834,18.311288741492746,20,-29,-28,465,64,960,513,44
-1,-3,0,-1.0,-3.0,0.5170302391052246,15.536648758246919,20,-28,-25,465,64,960,513,44
-2,-5,0,-2.0,-5.0,0.5249843597412109,10.802438933713454,20,-26,-20,465,64,960,513,44
-3,-4,0,-3.0,-4.0,0.5329933166503906,6.0178514522438,20,-23,-16,465,64,960,513,44
-2,-4,0,-2.0,-4.0,0.5409741401672363,2.1867732448956474,20,-21,-12,465,64,960,513,44
-3,-4,0,-3.0,-4.0,0.5489583015441895,-2.302284396407792,20,-18,-8,465,64,960,513,44
-1,-3,0,-1.0,-3.0,0.5571572780609131,-4.279954853330651,20,-17,-5,465,64,960,513,44
-1,-3,0,-1.0,-3.0,0.5649361610412598,-5.875484503402902,20,-16,-2,465,64,960,513,44
-2,-3,0,-2.0,-3.0,0.5728862285614014,-7.964331152381801,20,-14,1,465,64,960,513,44
-2,-3,0,-2.0,-3.0,0.581031322479248,-9.350889359326482,20,-12,4,465,64,960,513,44
-2,-3,0,-2.0,-3.0,0.5891263484954834,-9.793444384266298,20,-10,7,465,64,960,513,44
-2,-2,0,-2.0,-2.0,0.5970673561096191,-9.958405421207704,20,-8,9,465,64,960,513,44
-1,-1,0,-1.0,-1.0,0.605032205581665,-9.793444384266298,20,-7,10,465,64,960,513,44
0,-1,0,-0.0,-1.0,0.6130063533782959,-8.961595189594702,20,-7,11,465,64,960,513,44
0,0,1,-0.0,-0.0,0.6470973491668701,-8.961595189594702,20,-7,11,465,64,960,513,44
0,0,0,-0.0,-0.0,0.06362771987915039,628.2584884966592,21,562,315,1034,368,472,53,33
0,2,0,-0.0,2.0,0.14968061447143555,627.2829859400915,21,562,313,1034,368,472,53,33
4,6,0,4.0,6.0,0.15752267837524414,620.8775392491087,21,558,307,1034,368,472,53,33
5,11,0,5.0,11.0,0.1656627655029297,611.236000242333,21,553,296,1034,368,472,53,33
8,13,0,8.0,13.0,0.17359566688537598,598.0960836872354,21,545,283,1034,368,472,53,33
10,14,0,10.0,14.0,0.18158268928527832,582.8205073308695,21,535,269,1034,368,472,53,33
13,16,0,13.0,16.0,0.18961262702941895,564.0801668735107,21,522,253,1034,368,472,53,33
16,18,0,16.0,18.0,0.19748973846435547,541.9076984591627,21,506,235,1034,368,472,53,33
20,19,0,20.0,19.0,0.20555377006530762,515.8383212969896,21,486,216,1034,368,472,53,33
22,18,0,22.0,18.0,0.21344375610351562,488.47993022517755,21,464,198,1034,368,472,53,33
24,17,0,24.0,17.0,0.22155380249023438,459.77410606295086,21,440,181,1034,368,472,53,33
29,18,0,29.0,18.0,0.2294478416442871,426.1425109622462,21,411,163,1034,368,472,53,33
31,19,0,31.0,19.0,0.23757481575012207,390.36929017828106,21,380,144,1034,368,472,53,33
31,16,0,31.0,16.0,0.24560284614562988,355.7324306540929,21,349,128,1034,368,472,53,33
28,12,0,28.0,12.0,0.25359082221984863,325.31656859871305,21,321,116,1034,368,472,53,33
25,10,0,25.0,10.0,0.26167964935302734,298.40737904826597,21,296,106,1034,368,472,53,33
22,8,0,22.0,8.0,0.26967763900756836,274.99828178186897,21,274,98,1034,368,472,53,33
17,5,0,17.0,5.0,0.2776036262512207,257.3093485411723,21,257,93,1034,368,472,53,33
15,4,0,15.0,4.0,0.2855186462402344,241.84685377176896,21,242,89,1034,368,472,53,33
10,3,0,10.0,3.0,0.29346776008605957,231.42675683927152,21,232,86,1034,368,472,53,33
6,1,0,6.0,1.0,0.30149269104003906,225.4560001325293,21,226,85,1034,368,472,53,33
4,0,0,4.0,-0.0,0.3095417022705078,221.71621736852538,21,222,85,1034,368,472,53,33
4,1,0,4.0,1.0,0.31768178939819336,217.62362894193728,21,218,84,1034,368,472,53,33
4,0,0,4.0,-0.0,0.32568979263305664,213.89562849258357,21,214,84,1034,368,472,53,33
6,1,0,6.0,1.0,0.3335857391357422,207.9486548296283,21,208,83,1034,368,472,53,33
6,0,0,6.0,-0.0,0.34155774116516113,202.38727069131113,21,202,83,1034,368,472,53,33
4,1,0,4.0,1.0,0.35027480125427246,198.30818929756276,21,198,82,1034,368,472,53,33
4,0,0,4.0,-0.0,0.35762977600097656,194.61813787041228,21,194,82,1034,368,472,53,33
4,1,0,4.0,1.0,0.3656046390533447,190.54539452623968,21,190,81,1034,368,472,53,33
6,1,0,6.0,1.0,0.3735377788543701,184.63897926375125,21,184,80,1034,368,472,53,33
7,2,0,7.0,2.0,0.3816666603088379,177.42440383777844,21,177,78,1034,368,472,53,33
8,2,0,8.0,2.0,0.389690637588501,169.3024554613349,21,169,76,1034,368,472,53,33
9,2,0,9.0,2.0,0.39766883850097656,160.28386199536246,21,160,74,1034,368,472,53,33
8,3,0,8.0,3.0,0.4055767059326172,151.7647161950331,21,152,71,1034,368,472,53,33
7,2,0,7.0,2.0,0.4137578010559082,144.5801980320114,21,145,69,1034,368,472,53,33
6,2,0,6.0,2.0,0.4216008186340332,138.30489298787643,21,139,67,1034,368,472,53,33
6,3,0,6.0,3.0,0.4297206401824951,131.59742545180114,21,133,64,1034,368,472,53,33
8,3,0,8.0,3.0,0.4376087188720703,123.08989898623119,21,125,61,1034,368,472,53,33
8,4,0,8.0,4.0,0.4455087184906006,114.14607178090316,21,117,57,1034,368,472,53,33
6,4,0,6.0,4.0,0.45371580123901367,107.00406497347964,21,111,53,1034,368,472,53,33
5,3,0,5.0,3.0,0.4616127014160156,101.2006825918689,21,106,50,1034,368,472,53,33
4,4,0,4.0,4.0,0.46963977813720703,95.89280584559492,21,102,46,1034,368,472,53,33
4,3,0,4.0,3.0,0.47774672508239746,91.01868995647442,21,98,43,1034,368,472,53,33
3,3,0,3.0,3.0,0.48555779457092285,87.07764064044152,21,95,40,1034,368,472,53,33
4,2,0,4.0,2.0,0.4935457706451416,82.6154146165801,21,91,38,1034,368,472,53,33
2,3,0,2.0,3.0,0.5014746189117432,79.63472172804185,21,89,35,1034,368,472,53,33
2,2,0,2.0,2.0,0.5094916820526123,77.04837451562494,21,87,33,1034,368,472,53,33
3,2,0,3.0,2.0,0.517568826675415,73.5377015563835,21,84,31,1034,368,472,53,33
4,3,0,4.0,3.0,0.5255258083343506,68.75848040166836,21,80,28,1034,368,472,53,33
4,3,0,4.0,3.0,0.5335636138916016,64.00624975587844,21,76,25,1034,368,472,53,33
3,3,0,3.0,3.0,0.5417556762695312,60.24303246854758,21,73,22,1034,368,472,53,33
4,4,0,4.0,4.0,0.5495836734771729,55.30918594402827,21,69,18,1034,368,472,53,33
4,3,0,4.0,3.0,0.5575826168060303,50.70832032063167,21,65,15,1034,368,472,53,33
6,3,0,6.0,3.0,0.5655627250671387,44.207972893961475,21,59,12,1034,368,472,53,33
4,4,0,4.0,4.0,0.5735528469085693,39.57877292636101,21,55,8,1034,368,472,53,33
3,3,0,3.0,3.0,0.5815198421478271,36.23983154643591,21,52,5,1034,368,472,53,33
4,3,0,4.0,3.0,0.5895538330078125,32.041648597857254,21,48,2,1034,368,472,53,33
4,2,0,4.0,2.0,0.5975947380065918,28.0,21,44,0,1034,368,472,53,33
5,3,0,5.0,3.0,0.6054916381835938,23.11521443121589,21,39,-3,1034,368,472,53,33
4,3,0,4.0,3.0,0.613588809967041,19.510561809129406,21,35,-6,1034,368,472,53,33
5,3,0,5.0,3.0,0.621579647064209,15.32091952673165,21,30,-9,1034,368,472,53,33
4,2,0,4.0,2.0,0.6296248435974121,12.231188426986208,21,26,-11,1034,368,472,53,33
4,1,0,4.0,1.0,0.6375236511230469,9.059928172283335,21,22,-12,1034,368,472,53,33
4,2,0,4.0,2.0,0.6455106735229492,6.803508501982758,21,18,-14,1034,368,472,53,33
5,2,0,5.0,2.0,0.6534907817840576,4.615528128088304,21,13,-16,1034,368,472,53,33
4,2,0,4.0,2.0,0.661489725112915,4.124611797498108,21,9,-18,1034,368,472,53,33
3,1,0,3.0,1.0,0.6695127487182617,3.9248588451712756,21,6,-19,1034,368,472,53,33
2,1,0,2.0,1.0,0.6775968074798584,4.396078054371138,21,4,-20,1034,368,472,53,33
2,1,0,2.0,1.0,0.685659646987915,5.095023109728988,21,2,-21,1034,368,472,53,33
2,0,0,2.0,-0.0,0.6936116218566895,5.0,21,0,-21,1034,368,472,53,33
2,0,0,2.0,-0.0,0.7016246318817139,5.095023109728988,21,-2,-21,1034,368,472,53,33
2,1,0,2.0,1.0,0.7097606658935547,6.360679774997898,21,-4,-22,1034,368,472,53,33
1,0,0,1.0,-0.0,0.717552661895752,6.561028345356956,21,-5,-22,1034,368,472,53,33
1,0,0,1.0,-0.0,0.7334496974945068,6.803508501982758,21,-6,-22,1034,368,472,53,33
0,0,1,-0.0,-0.0,0.7556667327880859,6.803508501982758,21,-6,-22,1034,368,472,53,33
1,0,1,1.0,-0.0,0.0010743141174316406,381.9465138547665,22,380,-131,1421,259,1040,390,40
1,1,1,1.0,1.0,0.00912022590637207,381.3290420590067,22,379,-132,1421,259,1040,390,40
1,0,1,1.0,-0.0,0.017055273056030273,380.38481489686893,22,378,-132,1421,259,1040,390,40
1,0,1,1.0,-0.0,0.025235414505004883,379.44085920195994,22,377,-132,1421,259,1040,390,40
0,1,1,-0.0,1.0,0.0891733169555664,379.7724352678659,22,377,-133,1421,259,1040,390,40
0,0,0,-0.0,-0.0,0.09396624565124512,379.7724352678659,22,377,-133,1421,259,1040,390,40
-1,3,0,-1.0,3.0,0.0971074104309082,381.721296423279,22,378,-136,1421,259,1040,390,40
-1,2,0,-1.0,2.0,0.1049962043762207,383.3422864020087,22,379,-138,1421,259,1040,390,40
-1,3,0,-1.0,3.0,0.1129612922668457,385.3159261613094,22,380,-141,1421,259,1040,390,40
-1,2,0,-1.0,2.0,0.12098932266235352,386.95208563171167,22,381,-143,1421,259,1040,390,40
-2,3,0,-2.0,3.0,0.1290912628173828,389.8841299684583,22,383,-146,1421,259,1040,390,40
-2,3,0,-2.0,3.0,0.13700532913208008,392.8268402126974,22,385,-149,1421,259,1040,390,40
-2,5,0,-2.0,5.0,0.1450943946838379,396.51530584121394,22,387,-154,1421,259,1040,390,40
-3,5,0,-3.0,5.0,0.153090238571167,401.1662379631112,22,390,-159,1421,259,1040,390,40
-2,5,0,-2.0,5.0,0.161088228225708,404.92352253081964,22,392,-164,1421,259,1040,390,40
-3,6,0,-3.0,6.0,0.16910338401794434,410.0290687848904,22,395,-170,1421,259,1040,390,40
-1,5,0,-1.0,5.0,0.17714238166809082,412.94456920026147,22,396,-175,1421,259,1040,390,40
0,3,0,-0.0,3.0,0.1851332187652588,414.1658669218482,22,396,-178,1421,259,1040,390,40
0,4,0,-0.0,4.0,0.19317841529846191,415.82106419951754,22,396,-182,1421,259,1040,390,40
0,2,0,-0.0,2.0,0.20117831230163574,416.6600508404679,22,396,-184,1421,259,1040,390,40
0,1,0,-0.0,1.0,0.20909833908081055,417.0823720993561,22,396,-185,1421,259,1040,390,40
1,1,0,1.0,1.0,0.21714138984680176,416.6016491036194,22,395,-186,1421,259,1040,390,40
3,0,0,3.0,-0.0,0.22510433197021484,413.8893868257208,22,392,-186,1421,259,1040,390,40
4,-1,0,4.0,-1.0,0.23309826850891113,409.84764742871397,22,388,-185,1421,259,1040,390,40
8,-1,0,8.0,-1.0,0.2409982681274414,402.20374228564106,22,380,-184,1421,259,1040,390,40
13,-3,0,13.0,-3.0,0.24910831451416016,389.20654931220247,22,367,-181,1421,259,1040,390,40
14,-3,0,14.0,-3.0,0.25701236724853516,375.33909495520425,22,353,-178,1421,259,1040,390,40
17,-4,0,17.0,-4.0,0.26503634452819824,358.38076061026146,22,336,-174,1421,259,1040,390,40
19,-5,0,19.0,-5.0,0.2730872631072998,339.23529893372114,22,317,-169,1421,259,1040,390,40
19,-5,0,19.0,-5.0,0.2811284065246582,320.14702703389895,22,298,-164,1421,259,1040,390,40
20,-6,0,20.0,-6.0,0.2890932559967041,299.7624117997611,22,278,-158,1421,259,1040,390,40
20,-7,0,20.0,-7.0,0.2971463203430176,278.93979326948096,22,258,-151,1421,259,1040,390,40
19,-7,0,19.0,-7.0,0.3049802780151367,259.0286723618202,22,239,-144,1421,259,1040,390,40
19,-7,0,19.0,-7.0,0.31315040588378906,239.16982849089516,22,220,-137,1421,259,1040,390,40
18,-8,0,18.0,-8.0,0.3210902214050293,219.67686580060246,22,202,-129,1421,259,1040,390,40
17,-8,0,17.0,-8.0,0.3290562629699707,201.05655384991417,22,185,-121,1421,259,1040,390,40
16,-8,0,16.0,-8.0,0.3371412754058838,183.29781110479277,22,169,-113,1421,259,1040,390,40
16,-7,0,16.0,-7.0,0.3452444076538086,166.1316738225926,22,153,-106,1421,259,1040,390,40
14,-8,0,14.0,-8.0,0.3529703617095947,150.07351351694948,22,139,-98,1421,259,1040,390,40
14,-6,0,14.0,-6.0,0.3611023426055908,135.2063143045411,22,125,-92,1421,259,1040,390,40
14,-7,0,14.0,-7.0,0.36923933029174805,119.8070098385628,22,111,-85,1421,259,1040,390,40
13,-7,0,13.0,-7.0,0.3770914077758789,105.25174649480941,22,98,-78,1421,259,1040,390,40
11,-6,0,11.0,-6.0,0.3850862979888916,92.92918134831227,22,87,-72,1421,259,1040,390,40
10,-5,0,10.0,-5.0,0.39306139945983887,82.06860437960343,22,77,-67,1421,259,1040,390,40
8,-6,0,8.0,-6.0,0.4010632038116455,72.09777413162601,22,69,-61,1421,259,1040,390,40
7,-4,0,7.0,-4.0,0.4091792106628418,64.21995013059554,22,62,-57,1421,259,1040,390,40
7,-5,0,7.0,-5.0,0.4170503616333008,55.69015788066504,22,55,-52,1421,259,1040,390,40
6,-4,0,6.0,-4.0,0.4250164031982422,48.59300255857006,22,49,-48,1421,259,1040,390,40
5,-3,0,5.0,-3.0,0.432969331741333,42.93647591023825,22,44,-45,1421,259,1040,390,40
5,-2,0,5.0,-2.0,0.4410853385925293,38.05170109479997,22,39,-43,1421,259,1040,390,40
4,-1,0,4.0,-1.0,0.4489781856536865,34.67174773134658,22,35,-42,1421,259,1040,390,40
6,-1,0,6.0,-1.0,0.45710134506225586,30.219518117958877,22,29,-41,1421,259,1040,390,40
5,-1,0,5.0,-1.0,0.46498918533325195,26.647615158762406,22,24,-40,1421,259,1040,390,40
3,-1,0,3.0,-1.0,0.47309327125549316,24.294469180700204,22,21,-39,1421,259,1040,390,40
2,-1,0,2.0,-1.0,0.4810333251953125,22.485291572496003,22,19,-38,1421,259,1040,390,40
3,0,0,3.0,-0.0,0.48914241790771484,21.231056256176608,22,16,-38,1421,259,1040,390,40
1,0,0,1.0,-0.0,0.4971191883087158,20.85339643163099,22,15,-38,1421,259,1040,390,40
0,-1,0,-0.0,-1.0,0.5611453056335449,19.92492955535426,22,15,-37,1421,259,1040,390,40
0,0,1,-0.0,-0.0,0.5871462821960449,19.92492955535426,22,15,-37,1421,259,1040,390,40
0,0,0,-0.0,-0.0,0.6770143508911133,19.92492955535426,22,15,-37,1421,259,1040,390,40
-1,0,0,-1.0,-0.0,0.713111400604248,20.311288741492746,22,16,-37,1421,259,1040,390,40
1,-1,0,1.0,-1.0,0.7690813541412354,19.0,22,15,-36,1421,259,1040,390,40
5,-4,0,5.0,-4.0,0.7770943641662598,13.526109228480422,22,10,-32,1421,259,1040,390,40
5,-5,0,5.0,-5.0,0.7850892543792725,7.459060435491963,22,5,-27,1421,259,1040,390,40
3,-4,0,3.0,-4.0,0.7930831909179688,3.0867927612303916,22,2,-23,1421,259,1040,390,40
3,-4,0,3.0,-4.0,0.8010993003845215,-0.9737024095595537,22,-1,-19,1421,259,1040,390,40
1,-3,0,1.0,-3.0,0.8090212345123291,-3.8754845034029017,22,-2,-16,1421,259,1040,390,40
1,-1,0,1.0,-1.0,0.8169863224029541,-4.702941459221645,22,-3,-15,1421,259,1040,390,40
0,0,1,-0.0,-0.0,0.8539993762969971,-4.702941459221645,22,-3,-15,1421,259,1040,390,40
0,0,0,-0.0,-0.0,0.07446980476379395,1083.143043664767,23,-1093,50,331,324,1424,274,22
-4,2,0,-4.0,2.0,0.11352396011352539,1079.0573379414498,23,-1089,48,331,324,1424,274,22
-5,6,0,-5.0,6.0,0.12145090103149414,1073.8133480004751,23,-1084,42,331,324,1424,274,22
-7,6,0,-7.0,6.0,0.12964081764221191,1066.6015033397086,23,-1077,36,331,324,1424,274,22
-8,6,0,-8.0,6.0,0.13753890991210938,1058.4208713130672,23,-1069,30,331,324,1424,274,22
-9,7,0,-9.0,7.0,0.14559197425842285,1049.249498938811,23,-1060,23,331,324,1424,274,22
-9,8,0,-9.0,8.0,0.15352296829223633,1040.1070354630874,23,-1051,15,331,324,1424,274,22
-9,6,0,-9.0,6.0,0.16156983375549316,1031.038866837509,23,-1042,9,331,324,1424,274,22
-7,7,0,-7.0,7.0,0.16952896118164062,1024.001932365346,23,-1035,2,331,324,1424,274,22
-6,5,0,-6.0,5.0,0.17744088172912598,1018.0043731685498,23,-1029,-3,331,324,1424,274,22
-4,4,0,-4.0,4.0,0.18547701835632324,1014.023902160335,23,-1025,-7,331,324,1424,274,22
-5,3,0,-5.0,3.0,0.19353890419006348,1009.0490184299969,23,-1020,-10,331,324,1424,274,22
-5,3,0,-5.0,3.0,0.20145702362060547,1004.0832478176359,23,-1015,-13,331,324,1424,274,22
-9,3,0,-9.0,3.0,0.20965981483459473,995.1272285352385,23,-1006,-16,331,324,1424,274,22
-11,3,0,-11.0,3.0,0.21750092506408691,984.1813905012493,23,-995,-19,331,324,1424,274,22
-13,3,0,-13.0,3.0,0.22555994987487793,971.2464049310641,23,-982,-22,331,324,1424,274,22
-16,1,0,-16.0,1.0,0.23354887962341309,955.2737707296002,23,-966,-23,331,324,1424,274,22
-18,1,0,-18.0,1.0,0.24165081977844238,937.3037488062567,23,-948,-24,331,324,1424,274,22
-25,1,0,-25.0,1.0,0.2494490146636963,912.3385078074022,23,-923,-25,331,324,1424,274,22
-30,1,0,-30.0,1.0,0.2574028968811035,882.3784192602819,23,-893,-26,331,324,1424,274,22
-34,0,0,-34.0,-0.0,0.2655019760131836,848.3933907123094,23,-859,-26,331,324,1424,274,22
-33,-2,0,-33.0,-2.0,0.2735249996185303,815.3485947225904,23,-826,-24,331,324,1424,274,22
-32,-2,0,-32.0,-2.0,0.28154492378234863,783.3047274188918,23,-794,-22,331,324,1424,274,22
-31,-2,0,-31.0,-2.0,0.28949499130249023,752.2620781880887,23,-763,-20,331,324,1424,274,22
-31,-3,0,-31.0,-3.0,0.2975578308105469,721.1973777609422,23,-732,-17,331,324,1424,274,22
-31,-2,0,-31.0,-2.0,0.305527925491333,690.1604666551017,23,-701,-15,331,324,1424,274,22
-31,-1,0,-31.0,-1.0,0.31345295906066895,659.1462526941414,23,-670,-14,331,324,1424,274,22
-34,-1,0,-34.0,-1.0,0.32143282890319824,625.1328477605916,23,-636,-13,331,324,1424,274,22
-34,-1,0,-34.0,-1.0,0.3294079303741455,591.1195894504679,23,-602,-12,331,324,1424,274,22
-35,0,0,-35.0,-0.0,0.3374178409576416,556.1269699106189,23,-567,-12,331,324,1424,274,22
-35,0,0,-35.0,-0.0,0.34565091133117676,521.1353211355172,23,-532,-12,331,324,1424,274,22
-34,0,0,-34.0,-0.0,0.35352396965026855,487.14455733250765,23,-498,-12,331,324,1424,274,22
-33,-1,0,-33.0,-1.0,0.3615598678588867,454.1300893298562,23,-465,-11,331,324,1424,274,22
-30,-1,0,-30.0,-1.0,0.36959099769592285,424.1149273467873,23,-435,-10,331,324,1424,274,22
-27,-1,0,-27.0,-1.0,0.3775949478149414,397.09925263347395,23,-408,-9,331,324,1424,274,22
-23,0,0,-23.0,-0.0,0.38562798500061035,374.1051804377604,23,-385,-9,331,324,1424,274,22
-22,0,0,-22.0,-0.0,0.3934319019317627,352.1115531073061,23,-363,-9,331,324,1424,274,22
-20,-1,0,-20.0,-1.0,0.40154480934143066,332.09328177625395,23,-343,-8,331,324,1424,274,22
-19,0,0,-19.0,-0.0,0.40952301025390625,313.09875038327436,23,-324,-8,331,324,1424,274,22
-19,-1,0,-19.0,-1.0,0.41742682456970215,294.08031729365956,23,-305,-7,331,324,1424,274,22
-19,0,0,-19.0,-0.0,0.42552995681762695,275.08565151017274,23,-286,-7,331,324,1424,274,22
-18,0,0,-18.0,-0.0,0.43353700637817383,257.09140232390894,23,-268,-7,331,324,1424,274,22
-15,0,0,-15.0,-0.0,0.4415619373321533,242.09681941897256,23,-253,-7,331,324,1424,274,22
-14,0,0,-14.0,-0.0,0.4496498107910156,228.10248848558643,23,-239,-7,331,324,1424,274,22
-12,0,0,-12.0,-0.0,0.45757198333740234,216.1079038695043,23,-227,-7,331,324,1424,274,22
-11,0,0,-11.0,-0.0,0.46550798416137695,205.11339616044165,23,-216,-7,331,324,1424,274,22
-11,0,0,-11.0,-0.0,0.4735238552093506,194.11947737842937,23,-205,-7,331,324,1424,274,22
-11,0,0,-11.0,-0.0,0.4814269542694092,183.12624758130983,23,-194,-7,331,324,1424,274,22
-10,0,0,-10.0,-0.0,0.4893989562988281,173.13310403075272,23,-184,-7,331,324,1424,274,22
-10,0,0,-10.0,-0.0,0.4974179267883301,163.14074767268,23,-174,-7,331,324,1424,274,22
-9,0,0,-9.0,-0.0,0.5055069923400879,154.14841809717706,23,-165,-7,331,324,1424,274,22
-10,0,0,-10.0,-0.0,0.5136070251464844,144.15798400340216,23,-155,-7,331,324,1424,274,22
-9,0,0,-9.0,-0.0,0.5214459896087646,135.16771189288008,23,-146,-7,331,324,1424,274,22
-8,0,0,-8.0,-0.0,0.529608964920044,127.1774221788784,23,-138,-7,331,324,1424,274,22
-6,0,0,-6.0,-0.0,0.5375118255615234,121.18547575282241,23,-132,-7,331,324,1424,274,22
-5,0,0,-5.0,-0.0,0.5455210208892822,116.1927670899568,23,-127,-7,331,324,1424,274,22
-3,0,0,-3.0,-0.0,0.5535068511962891,113.19742348374221,23,-124,-7,331,324,1424,274,22
-4,0,0,-4.0,-0.0,0.5614359378814697,109.20399327809372,23,-120,-7,331,324,1424,274,22
-3,0,0,-3.0,-0.0,0.5695090293884277,106.2092146548214,23,-117,-7,331,324,1424,274,22
-3,0,0,-3.0,-0.0,0.57753586769104,103.21471008587291,23,-114,-7,331,324,1424,274,22
-4,0,0,-4.0,-0.0,0.5855510234832764,99.22250223978767,23,-110,-7,331,324,1424,274,22
-5,0,0,-5.0,-0.0,0.5935449600219727,94.23307464861035,23,-105,-7,331,324,1424,274,22
-4,0,0,-4.0,-0.0,0.6018548011779785,90.24228365658294,23,-101,-7,331,324,1424,274,22
-5,0,0,-5.0,-0.0,0.6096780300140381,85.25487000666512,23,-96,-7,331,324,1424,274,22
-5,0,0,-5.0,-0.0,0.6173999309539795,80.26883367283708,23,-91,-7,331,324,1424,274,22
-5,0,0,-5.0,-0.0,0.625485897064209,75.28441342444185,23,-86,-7,331,324,1424,274,22
-4,0,0,-4.0,-0.0,0.6334860324859619,71.29823813423954,23,-82,-7,331,324,1424,274,22
-3,0,0,-3.0,-0.0,0.641671895980835,68.30952023559341,23,-79,-7,331,324,1424,274,22
-3,0,0,-3.0,-0.0,0.6495509147644043,65.32168761236873,23,-76,-7,331,324,1424,274,22
-2,0,0,-2.0,-0.0,0.6574888229370117,63.330343736592525,23,-74,-7,331,324,1424,274,22
-1,0,0,-1.0,-0.0,0.6655328273773193,62.334848469196416,23,-73,-7,331,324,1424,274,22
-2,0,0,-2.0,-0.0,0.673468828201294,60.344235926947874,23,-71,-7,331,324,1424,274,22
-2,0,0,-2.0,-0.0,0.6816389560699463,58.35416353759881,23,-69,-7,331,324,1424,274,22
-3,-1,0,-3.0,-1.0,0.6895298957824707,55.27216610312357,23,-66,-6,331,324,1424,274,22
-3,0,0,-3.0,-0.0,0.6973958015441895,52.28506932918696,23,-63,-6,331,324,1424,274,22
-4,0,0,-4.0,-0.0,0.7055399417877197,48.30430001273095,23,-59,-6,331,324,1424,274,22
-5,0,0,-5.0,-0.0,0.7135109901428223,43.3323108288245,23,-54,-6,331,324,1424,274,22
-5,-1,0,-5.0,-1.0,0.7215368747711182,38.25444142409901,23,-49,-5,331,324,1424,274,22
-5,0,0,-5.0,-0.0,0.7295229434967041,33.28317965096906,23,-44,-5,331,324,1424,274,22
-5,-1,0,-5.0,-1.0,0.7375998497009277,28.204591567825318,23,-39,-4,331,324,1424,274,22
-4,0,0,-4.0,-0.0,0.7455489635467529,24.22782990761707,23,-35,-4,331,324,1424,274,22
-5,-1,0,-5.0,-1.0,0.7535848617553711,19.14962686336267,23,-30,-3,331,324,1424,274,22
-4,0,0,-4.0,-0.0,0.7614560127258301,15.1725046566048,23,-26,-3,331,324,1424,274,22
-4,0,0,-4.0,-0.0,0.7694079875946045,11.203603311174518,23,-22,-3,331,324,1424,274,22
-4,0,0,-4.0,-0.0,0.7775568962097168,7.248287590894659,23,-18,-3,331,324,1424,274,22
-3,0,0,-3.0,-0.0,0.7855379581451416,4.297058540778355,23,-15,-3,331,324,1424,274,22
-3,0,0,-3.0,-0.0,0.7935349941253662,1.3693168768529809,23,-12,-3,331,324,1424,274,22
-1,-1,0,-1.0,-1.0,0.8015468120574951,0.18033988749894903,23,-11,-2,331,324,1424,274,22
-1,0,0,-1.0,-0.0,0.8175837993621826,-0.801960972814431,23,-10,-2,331,324,1424,274,22
-1,0,0,-1.0,-0.0,0.8254108428955078,-1.780455542707113,23,-9,-2,331,324,1424,274,22
0,0,1,-0.0,-0.0,0.8485620021820068,-1.780455542707113,23,-9,-2,331,324,1424,274,22
0,0,0,-0.0,-0.0,0.09075140953063965,1053.547612416031,24,1065,87,1405,413,340,326,30
3,0,0,3.0,-0.0,0.1397244930267334,1050.557600507828,24,1062,87,1405,413,340,326,30
7,0,0,7.0,-0.0,0.1478593349456787,1043.5811258472352,24,1055,87,1405,413,340,326,30
8,-2,0,8.0,-2.0,0.15585041046142578,1035.7759037968085,24,1047,89,1405,413,340,326,30
10,-1,0,10.0,-1.0,0.16370749473571777,1025.8981698514028,24,1037,90,1405,413,340,326,30
13,-1,0,13.0,-1.0,0.17184138298034668,1013.0355052234333,24,1024,91,1405,413,340,326,30
14,0,0,14.0,-0.0,0.1797804832458496,999.0912187766937,24,1010,91,1405,413,340,326,30
17,0,0,17.0,-0.0,0.18768835067749023,982.1609699541996,24,993,91,1405,413,340,326,30
20,2,0,20.0,2.0,0.1956462860107422,962.0619222956137,24,973,89,1405,413,340,326,30
26,3,0,26.0,3.0,0.2036604881286621,935.8969449945668,24,947,86,1405,413,340,326,30
31,5,0,31.0,5.0,0.21181440353393555,904.5743580592056,24,916,81,1405,413,340,326,30
34,4,0,34.0,4.0,0.22001242637634277,870.3547311671181,24,882,77,1405,413,340,326,30
37,6,0,37.0,6.0,0.22777628898620605,832.9775940436163,24,845,71,1405,413,340,326,30
40,6,0,40.0,6.0,0.23578643798828125,792.6199601297631,24,805,65,1405,413,340,326,30
42,6,0,42.0,6.0,0.24375438690185547,750.2777273643864,24,763,59,1405,413,340,326,30
41,5,0,41.0,5.0,0.25173449516296387,709.016574395918,24,722,54,1405,413,340,326,30
39,4,0,39.0,4.0,0.2598583698272705,669.8277155606364,24,683,50,1405,413,340,326,30
38,2,0,38.0,2.0,0.26766228675842285,631.7835804965986,24,645,48,1405,413,340,326,30
42,1,0,42.0,1.0,0.2756943702697754,589.8289014258495,24,603,47,1405,413,340,326,30
40,1,0,40.0,1.0,0.28368139266967773,549.8760926079276,24,563,46,1405,413,340,326,30
36,0,0,36.0,-0.0,0.2918562889099121,514.0037807048263,24,527,46,1405,413,340,326,30
32,0,0,32.0,-0.0,0.2998063564300537,482.1327790439894,24,495,46,1405,413,340,326,30
29,-1,0,29.0,-1.0,0.3077964782714844,453.3641745479686,24,466,47,1405,413,340,326,30
26,0,0,26.0,-0.0,0.3157963752746582,427.5031073337226,24,440,47,1405,413,340,326,30
25,0,0,25.0,-0.0,0.32381129264831543,402.65296598970775,24,415,47,1405,413,340,326,30
25,-1,0,25.0,-1.0,0.33189940452575684,377.9427439207906,24,390,48,1405,413,340,326,30
23,-1,0,23.0,-1.0,0.33966732025146484,355.25666773199373,24,367,49,1405,413,340,326,30
21,-1,0,21.0,-1.0,0.34770750999450684,334.59405029262155,24,346,50,1405,413,340,326,30
18,0,0,18.0,-0.0,0.35570836067199707,316.78908963376114,24,328,50,1405,413,340,326,30
17,0,0,17.0,-0.0,0.3636953830718994,299.9936507296615,24,311,50,1405,413,340,326,30
16,0,0,16.0,-0.0,0.3717353343963623,284.2072860075436,24,295,50,1405,413,340,326,30
15,0,0,15.0,-0.0,0.3798544406890869,269.42925306655786,24,280,50,1405,413,340,326,30
15,0,0,15.0,-0.0,0.38788628578186035,254.675731203236,24,265,50,1405,413,340,326,30
16,0,0,16.0,-0.0,0.39587950706481934,238.97047072445253,24,249,50,1405,413,340,326,30
16,0,0,16.0,-0.0,0.40384840965270996,223.30442715149042,24,233,50,1405,413,340,326,30
13,1,0,13.0,1.0,0.4120442867279053,210.39077177204928,24,220,49,1405,413,340,326,30
11,0,0,11.0,-0.0,0.41979336738586426,199.66718426438635,24,209,49,1405,413,340,326,30
8,1,0,8.0,1.0,0.42774248123168945,191.65188119153427,24,201,48,1405,413,340,326,30
7,1,0,7.0,1.0,0.435685396194458,184.6121238802894,24,194,47,1405,413,340,326,30
6,1,0,6.0,1.0,0.4437563419342041,178.54586019855861,24,188,46,1405,413,340,326,30
4,0,0,4.0,-0.0,0.45183849334716797,174.66285877841239,24,184,46,1405,413,340,326,30
3,1,0,3.0,1.0,0.45991039276123047,171.51005334833832,24,181,45,1405,413,340,326,30
2,1,0,2.0,1.0,0.4677743911743164,169.32851108821987,24,179,44,1405,413,340,326,30
2,0,0,2.0,-0.0,0.47582030296325684,167.3869512876401,24,177,44,1405,413,340,326,30
2,1,0,2.0,1.0,0.48371028900146484,165.20543831971332,24,175,43,1405,413,340,326,30
1,1,0,1.0,1.0,0.49164247512817383,163.99720668211557,24,174,42,1405,413,340,326,30
0,1,0,-0.0,1.0,0.4996633529663086,163.76520914316635,24,174,41,1405,413,340,326,30
2,1,0,2.0,1.0,0.5077724456787109,161.58992043715293,24,172,40,1405,413,340,326,30
2,2,0,2.0,2.0,0.5157804489135742,159.1952927033334,24,170,38,1405,413,340,326,30
2,3,0,2.0,3.0,0.5238213539123535,156.60710940983768,24,168,35,1405,413,340,326,30
3,3,0,3.0,3.0,0.5317933559417725,153.07438829280326,24,165,32,1405,413,340,326,30
3,3,0,3.0,3.0,0.5397484302520752,149.57521077003062,24,162,29,1405,413,340,326,30
3,4,0,3.0,4.0,0.5477733612060547,145.9534094078159,24,159,25,1405,413,340,326,30
4,3,0,4.0,3.0,0.5556564331054688,141.55350523063993,24,155,22,1405,413,340,326,30
5,4,0,5.0,4.0,0.5636303424835205,136.07613974417006,24,150,18,1405,413,340,326,30
6,4,0,6.0,4.0,0.571770429611206,129.6789549312546,24,144,14,1405,413,340,326,30
5,3,0,5.0,3.0,0.5798194408416748,124.43457247038842,24,139,11,1405,413,340,326,30
4,3,0,4.0,3.0,0.5878183841705322,120.23682930326339,24,135,8,1405,413,340,326,30
4,2,0,4.0,2.0,0.5957643985748291,116.13733259449805,24,131,6,1405,413,340,326,30
4,2,0,4.0,2.0,0.6038913726806641,112.06297651164952,24,127,4,1405,413,340,326,30
4,2,0,4.0,2.0,0.6117753982543945,108.01625908797584,24,123,2,1405,413,340,326,30
4,2,0,4.0,2.0,0.6198503971099854,104.0,24,119,0,1405,413,340,326,30
4,2,0,4.0,2.0,0.6277093887329102,100.0173899895142,24,115,-2,1405,413,340,326,30
7,2,0,7.0,2.0,0.6356673240661621,93.07404868885037,24,108,-4,1405,413,340,326,30
8,2,0,8.0,2.0,0.6437094211578369,85.17983829094555,24,100,-6,1405,413,340,326,30
9,2,0,9.0,2.0,0.6518282890319824,76.35097153287424,24,91,-8,1405,413,340,326,30
9,1,0,9.0,1.0,0.6597774028778076,67.49242389456137,24,82,-9,1405,413,340,326,30
9,2,0,9.0,2.0,0.667851448059082,58.824115301167,24,73,-11,1405,413,340,326,30
7,0,0,7.0,-0.0,0.675788402557373,51.91038783328041,24,66,-11,1405,413,340,326,30
6,1,0,6.0,1.0,0.6837694644927979,46.18823416311342,24,60,-12,1405,413,340,326,30
8,1,0,8.0,1.0,0.6916694641113281,38.600373133029585,24,52,-13,1405,413,340,326,30
6,1,0,6.0,1.0,0.6996762752532959,33.08326112068523,24,46,-14,1405,413,340,326,30
5,1,0,5.0,1.0,0.7078714370727539,28.657759905886145,24,41,-15,1405,413,340,326,30
3,1,0,3.0,1.0,0.7157044410705566,26.231056256176608,24,38,-16,1405,413,340,326,30
3,0,0,3.0,-0.0,0.7239372730255127,23.483762809787713,24,35,-16,1405,413,340,326,30
2,1,0,2.0,1.0,0.7318623065948486,22.12142238654117,24,33,-17,1405,413,340,326,30
3,0,0,3.0,-0.0,0.73976731300354,19.481879299133332,24,30,-17,1405,413,340,326,30
3,1,0,3.0,1.0,0.7478504180908203,17.449961479175904,24,27,-18,1405,413,340,326,30
3,0,0,3.0,-0.0,0.7556624412536621,15.0,24,24,-18,1405,413,340,326,30
3,0,0,3.0,-0.0,0.7638993263244629,12.658633371878661,24,21,-18,1405,413,340,326,30
3,0,0,3.0,-0.0,0.7717692852020264,10.45584412271571,24,18,-18,1405,413,340,326,30
2,0,0,2.0,-0.0,0.7797813415527344,9.083189157584592,24,16,-18,1405,413,340,326,30
2,1,0,2.0,1.0,0.7878313064575195,8.600847442411894,24,14,-19,1405,413,340,326,30
1,0,0,1.0,-0.0,0.7958354949951172,8.021728866442675,24,13,-19,1405,413,340,326,30
0,0,1,-0.0,-0.0,0.8596863746643066,8.021728866442675,24,13,-19,1405,413,340,326,30
0,0,0,-0.0,-0.0,0.07207989692687988,1474.2272859250531,25,-1318,689,74,1121,1392,432,26
-2,0,0,-2.0,-0.0,0.09215784072875977,1472.455149104139,25,-1316,689,74,1121,1392,432,26
-1,0,0,-1.0,-0.0,0.10021495819091797,1471.5692978099742,25,-1315,689,74,1121,1392,432,26
-1,0,0,-1.0,-0.0,0.10816693305969238,1470.6835916057034,25,-1314,689,74,1121,1392,432,26
-1,0,0,-1.0,-0.0,0.1161649227142334,1469.7980307513226,25,-1313,689,74,1121,1392,432,26
-2,0,0,-2.0,-0.0,0.12407898902893066,1468.0273461351076,25,-1311,689,74,1121,1392,432,26
-1,0,0,-1.0,-0.0,0.13202881813049316,1467.1422228961649,25,-1310,689,74,1121,1392,432,26
-2,0,0,-2.0,-0.0,0.14001083374023438,1465.3724158682073,25,-1308,689,74,1121,1392,432,26
-2,-1,0,-2.0,-1.0,0.14812493324279785,1464.0700728130673,25,-1306,690,74,1121,1392,432,26
-2,0,0,-2.0,-0.0,0.15605998039245605,1462.3020029810846,25,-1304,690,74,1121,1392,432,26
-2,0,0,-2.0,-0.0,0.1642448902130127,1460.5345262327585,25,-1302,690,74,1121,1392,432,26
-3,0,0,-3.0,-0.0,0.17218279838562012,1457.8844278188549,25,-1299,690,74,1121,1392,432,26
-3,1,0,-3.0,1.0,0.1801469326019287,1454.765989522853,25,-1296,689,74,1121,1392,432,26
-2,1,0,-2.0,1.0,0.18822383880615234,1452.5306206285832,25,-1294,688,74,1121,1392,432,26
-3,2,0,-3.0,2.0,0.19618892669677734,1448.9428853412844,25,-1291,686,74,1121,1392,432,26
-5,2,0,-5.0,2.0,0.20411086082458496,1443.5891665119577,25,-1286,684,74,1121,1392,432,26
-9,5,0,-9.0,5.0,0.21204090118408203,1433.295267225887,25,-1277,679,74,1121,1392,432,26
-11,4,0,-11.0,4.0,0.22010493278503418,1421.7058932059908,25,-1266,675,74,1121,1392,432,26
-14,4,0,-14.0,4.0,0.22814393043518066,1407.4735126006399,25,-1252,671,74,1121,1392,432,26
-18,5,0,-18.0,5.0,0.23609590530395508,1389.2524737007955,25,-1234,666,74,1121,1392,432,26
-24,7,0,-24.0,7.0,0.24419879913330078,1364.8174770266198,25,-1210,659,74,1121,1392,432,26
-31,7,0,-31.0,7.0,0.25213193893432617,1334.2731720033617,25,-1179,652,74,1121,1392,432,26
-35,10,0,-35.0,10.0,0.2602269649505615,1298.830781770271,25,-1144,642,74,1121,1392,432,26
-35,10,0,-35.0,10.0,0.26807284355163574,1263.44232145444,25,-1109,632,74,1121,1392,432,26
-35,10,0,-35.0,10.0,0.2760608196258545,1228.112404256762,25,-1074,622,74,1121,1392,432,26
-33,11,0,-33.0,11.0,0.28414082527160645,1194.0633786177095,25,-1041,611,74,1121,1392,432,26
-32,10,0,-32.0,10.0,0.29221296310424805,1161.4283715918991,25,-1009,601,74,1121,1392,432,26
-30,10,0,-30.0,10.0,0.3000659942626953,1130.5567323049609,25,-979,591,74,1121,1392,432,26
-24,10,0,-24.0,10.0,0.3081507682800293,1104.8488269886943,25,-955,581,74,1121,1392,432,26
-23,10,0,-23.0,10.0,0.31616997718811035,1080.0073192801592,25,-932,571,74,1121,1392,432,26
-23,10,0,-23.0,10.0,0.32407689094543457,1055.1769516330148,25,-909,561,74,1121,1392,432,26
-23,12,0,-23.0,12.0,0.3321399688720703,1029.3036985447188,25,-886,549,74,1121,1392,432,26
-27,14,0,-27.0,14.0,0.34017395973205566,998.9812251222845,25,-859,535,74,1121,1392,432,26
-27,14,0,-27.0,14.0,0.3481888771057129,968.6644029402308,25,-832,521,74,1121,1392,432,26
-28,15,0,-28.0,15.0,0.35608696937561035,936.9747365061874,25,-804,506,74,1121,1392,432,26
-28,15,0,-28.0,15.0,0.36419081687927246,905.2902591228984,25,-776,491,74,1121,1392,432,26
-28,17,0,-28.0,17.0,0.37209391593933105,872.5393836526979,25,-748,474,74,1121,1392,432,26
-26,15,0,-26.0,15.0,0.3801708221435547,842.5495310033195,25,-722,459,74,1121,1392,432,26
-27,16,0,-27.0,16.0,0.38823485374450684,811.1808054061925,25,-695,443,74,1121,1392,432,26
-25,15,0,-25.0,15.0,0.39615797996520996,782.0371060522899,25,-670,428,74,1121,1392,432,26
-23,15,0,-23.0,15.0,0.40416383743286133,754.5793118629501,25,-647,413,74,1121,1392,432,26
-22,15,0,-22.0,15.0,0.4122598171234131,727.9649114499282,25,-625,398,74,1121,1392,432,26
-22,14,0,-22.0,14.0,0.4201698303222656,701.8881031322314,25,-603,384,74,1121,1392,432,26
-21,14,0,-21.0,14.0,0.42818188667297363,676.6549862068714,25,-582,370,74,1121,1392,432,26
-23,15,0,-23.0,15.0,0.4360518455505371,649.1978556292673,25,-559,355,74,1121,1392,432,26
-24,12,0,-24.0,12.0,0.4442729949951172,622.5108181612646,25,-535,343,74,1121,1392,432,26
-25,12,0,-25.0,12.0,0.45223283767700195,594.9975328897314,25,-510,331,74,1121,1392,432,26
-25,11,0,-25.0,11.0,0.46031999588012695,568.0550748423078,25,-485,320,74,1121,1392,432,26
-26,10,0,-26.0,10.0,0.4683229923248291,540.8781454435623,25,-459,310,74,1121,1392,432,26
-22,10,0,-22.0,10.0,0.47619199752807617,517.0650903426862,25,-437,300,74,1121,1392,432,26
-21,9,0,-21.0,9.0,0.48407983779907227,494.6780475852782,25,-416,291,74,1121,1392,432,26
-17,8,0,-17.0,8.0,0.492020845413208,476.17277111466456,25,-399,283,74,1121,1392,432,26
-17,8,0,-17.0,8.0,0.5001568794250488,457.68991916122445,25,-382,275,74,1121,1392,432,26
-14,7,0,-14.0,7.0,0.5080318450927734,442.2449889894451,25,-368,268,74,1121,1392,432,26
-14,6,0,-14.0,6.0,0.5161647796630859,427.40890090914377,25,-354,262,74,1121,1392,432,26
-16,6,0,-16.0,6.0,0.5242109298706055,411.00471695489426,25,-338,256,74,1121,1392,432,26
-15,6,0,-15.0,6.0,0.5320379734039307,395.4470589929618,25,-323,250,74,1121,1392,432,26
-15,6,0,-15.0,6.0,0.5401737689971924,379.93765408777,25,-308,244,74,1121,1392,432,26
-15,6,0,-15.0,6.0,0.5481829643249512,364.48244992317194,25,-293,238,74,1121,1392,432,26
-13,4,0,-13.0,4.0,0.5561518669128418,351.90546721034474,25,-280,234,74,1121,1392,432,26
-10,4,0,-10.0,4.0,0.5642049312591553,341.682957019364,25,-270,230,74,1121,1392,432,26
-9,4,0,-9.0,4.0,0.5721957683563232,332.2491853719571,25,-261,226,74,1121,1392,432,26
-6,4,0,-6.0,4.0,0.5801928043365479,325.0961401731762,25,-255,222,74,1121,1392,432,26
-5,3,0,-5.0,3.0,0.5881087779998779,319.3567360532956,25,-250,219,74,1121,1392,432,26
-6,4,0,-6.0,4.0,0.5962197780609131,312.2091634625322,25,-244,215,74,1121,1392,432,26
-4,4,0,-4.0,4.0,0.6042828559875488,306.5637651549374,25,-240,211,74,1121,1392,432,26
-5,4,0,-5.0,4.0,0.6122269630432129,300.16768671112925,25,-235,207,74,1121,1392,432,26
-5,5,0,-5.0,5.0,0.6202788352966309,293.11109094575454,25,-230,202,74,1121,1392,432,26
-4,4,0,-4.0,4.0,0.6281569004058838,287.4663042672173,25,-226,198,74,1121,1392,432,26
-4,6,0,-4.0,6.0,0.6361567974090576,280.5097954072402,25,-222,192,74,1121,1392,432,26
-5,5,0,-5.0,5.0,0.6441328525543213,273.457675756821,25,-217,187,74,1121,1392,432,26
-4,6,0,-4.0,6.0,0.652209997177124,266.5174413162799,25,-213,181,74,1121,1392,432,26
-5,7,0,-5.0,7.0,0.6600868701934814,258.1825953117198,25,-208,174,74,1121,1392,432,26
-5,9,0,-5.0,9.0,0.6681218147277832,248.59892966141894,25,-203,165,74,1121,1392,432,26
-5,8,0,-5.0,8.0,0.6761648654937744,239.69151153135317,25,-198,157,74,1121,1392,432,26
-5,8,0,-5.0,8.0,0.6841239929199219,230.82370680473218,25,-193,149,74,1121,1392,432,26
-6,8,0,-6.0,8.0,0.6922338008880615,221.2007685726074,25,-187,141,74,1121,1392,432,26
-6,7,0,-6.0,7.0,0.7000408172607422,212.20435164534453,25,-181,134,74,1121,1392,432,26
-6,6,0,-6.0,6.0,0.7081699371337891,203.8155898453799,25,-175,128,74,1121,1392,432,26
-7,6,0,-7.0,6.0,0.7161188125610352,194.62466134830902,25,-168,122,74,1121,1392,432,26
-6,6,0,-6.0,6.0,0.7241218090057373,186.24858845171275,25,-162,116,74,1121,1392,432,26
-7,6,0,-7.0,6.0,0.7320778369903564,177.06577808748213,25,-155,110,74,1121,1392,432,26
-8,6,0,-8.0,6.0,0.7402169704437256,167.06943105369106,25,-147,104,74,1121,1392,432,26
-8,7,0,-8.0,7.0,0.7482218742370605,156.49926253526885,25,-139,97,74,1121,1392,432,26
-9,7,0,-9.0,7.0,0.7562968730926514,145.11388300841898,25,-130,90,74,1121,1392,432,26
-11,9,0,-11.0,9.0,0.7642989158630371,130.95138068111746,25,-119,81,74,1121,1392,432,26
-9,8,0,-9.0,8.0,0.77211594581604,119.01893803541975,25,-110,73,74,1121,1392,432,26
-8,7,0,-8.0,7.0,0.7801239490509033,108.49074038789952,25,-102,66,74,1121,1392,432,26
-8,7,0,-8.0,7.0,0.788017988204956,97.98198051936178,25,-94,59,74,1121,1392,432,26
-9,5,0,-9.0,5.0,0.7961928844451904,87.70253224224304,25,-85,54,74,1121,1392,432,26
-6,5,0,-6.0,5.0,0.8041918277740479,79.9623579735368,25,-79,49,74,1121,1392,432,26
-7,4,0,-7.0,4.0,0.8121337890625,71.90583018850944,25,-72,45,74,1121,1392,432,26
-6,4,0,-6.0,4.0,0.8201220035552979,64.69813382572325,25,-66,41,74,1121,1392,432,26
-6,4,0,-6.0,4.0,0.8281610012054443,57.49113419430843,25,-60,37,74,1121,1392,432,26
-4,2,0,-4.0,2.0,0.8361999988555908,53.037867924396224,25,-56,35,74,1121,1392,432,26
-3,1,0,-3.0,1.0,0.8444478511810303,49.96824596572466,25,-53,34,74,1121,1392,432,26
-2,1,0,-2.0,1.0,0.852104902267456,47.74537019394976,25,-51,33,74,1121,1392,432,26
-1,1,0,-1.0,1.0,0.8601429462432861,46.36328831862332,25,-50,32,74,1121,1392,432,26
-1,1,0,-1.0,1.0,0.8680830001831055,44.982756057296896,25,-49,31,74,1121,1392,432,26
-2,2,0,-2.0,2.0,0.876227855682373,42.226805085936306,25,-47,29,74,1121,1392,432,26
-2,1,0,-2.0,1.0,0.8843319416046143,40.0,25,-45,28,74,1121,1392,432,26
-2,2,0,-2.0,2.0,0.8921148777008057,37.24937810560445,25,-43,26,74,1121,1392,432,26
-1,2,0,-1.0,2.0,0.900169849395752,35.373546489791295,25,-42,24,74,1121,1392,432,26
-2,2,0,-2.0,2.0,0.9081308841705322,32.65084884205331,25,-40,22,74,1121,1392,432,26
-2,2,0,-2.0,2.0,0.9162559509277344,29.941821107167776,25,-38,20,74,1121,1392,432,26
-2,2,0,-2.0,2.0,0.9240758419036865,27.249223594996216,25,-36,18,74,1121,1392,432,26
-2,2,0,-2.0,2.0,0.9322159290313721,24.57658845611187,25,-34,16,74,1121,1392,432,26
-2,1,0,-2.0,1.0,0.940220832824707,22.341194094144583,25,-32,15,74,1121,1392,432,26
-1,0,0,-1.0,-0.0,0.9480829238891602,21.438350715445125,25,-31,15,74,1121,1392,432,26
-2,2,0,-2.0,2.0,0.9560878276824951,18.78049716414141,25,-29,13,74,1121,1392,432,26
-2,2,0,-2.0,2.0,0.9641687870025635,16.154759474226502,25,-27,11,74,1121,1392,432,26
-2,2,0,-2.0,2.0,0.9721448421478271,13.570660511172846,25,-25,9,74,1121,1392,432,26
-3,2,0,-3.0,2.0,0.9801619052886963,10.086792761230392,25,-22,7,74,1121,1392,432,26
-3,2,0,-3.0,2.0,0.9880728721618652,6.646882704388499,25,-19,5,74,1121,1392,432,26
-2,2,0,-2.0,2.0,0.9962577819824219,4.262676501632068,25,-17,3,74,1121,1392,432,26
-1,1,0,-1.0,1.0,1.0040409564971924,3.1245154965970983,25,-16,2,74,1121,1392,432,26
-2,1,0,-2.0,1.0,1.0120368003845215,1.035668847618199,25,-14,1,74,1121,1392,432,26
-1,1,0,-1.0,1.0,1.0201737880706787,0.0,25,-13,0,74,1121,1392,432,26
-2,1,0,-2.0,1.0,1.028207778930664,-1.9546389828127388,25,-11,-1,74,1121,1392,432,26
-1,1,0,-1.0,1.0,1.0361659526824951,-2.801960972814431,25,-10,-2,74,1121,1392,432,26
-2,2,0,-2.0,2.0,1.0441489219665527,-4.055728090000841,25,-8,-4,74,1121,1392,432,26
-2,1,0,-2.0,1.0,1.0521788597106934,-5.189750324093346,25,-6,-5,74,1121,1392,432,26
0,0,1,-0.0,-0.0,1.0556437969207764,-5.189750324093346,25,-6,-5,74,1121,1392,432,26
-1,1,1,-1.0,1.0,-0.00037288665771484375,709.6800387263329,26,714,-208,793,919,80,1126,69
0,0,0,-0.0,-0.0,0.08639311790466309,709.6800387263329,26,714,-208,793,919,80,1126,69
0,-1,0,-0.0,-1.0,0.11152124404907227,709.4009685223715,26,714,-207,793,919,80,1126,69
2,-3,0,2.0,-3.0,0.11954927444458008,706.6483646103595,26,712,-204,793,919,80,1126,69
3,-3,0,3.0,-3.0,0.12752819061279297,702.940974569877,26,709,-201,793,919,80,1126,69
2,-2,0,2.0,-2.0,0.13561511039733887,700.4725998973686,26,707,-199,793,919,80,1126,69
4,-4,0,4.0,-4.0,0.14345526695251465,695.5436930026879,26,703,-195,793,919,80,1126,69
4,-4,0,4.0,-4.0,0.15161418914794922,690.6254204759863,26,699,-191,793,919,80,1126,69
6,-4,0,6.0,-4.0,0.15946626663208008,683.7868764473199,26,693,-187,793,919,80,1126,69
6,-4,0,6.0,-4.0,0.16741108894348145,676.9556948221176,26,687,-183,793,919,80,1126,69
7,-4,0,7.0,-4.0,0.17556023597717285,669.1649877518078,26,680,-179,793,919,80,1126,69
9,-4,0,9.0,-4.0,0.18349218368530273,659.4450230551806,26,671,-175,793,919,80,1126,69
13,-6,0,13.0,-6.0,0.1915280818939209,645.356312990466,26,658,-169,793,919,80,1126,69
18,-6,0,18.0,-6.0,0.19953417778015137,626.4309199303134,26,640,-163,793,919,80,1126,69
24,-7,0,24.0,-7.0,0.2074871063232422,601.4462998554637,26,616,-156,793,919,80,1126,69
26,-5,0,26.0,-5.0,0.21547913551330566,575.0164201398842,26,590,-151,793,919,80,1126,69
28,-7,0,28.0,-7.0,0.22344112396240234,546.155151662036,26,562,-144,793,919,80,1126,69
24,-5,0,24.0,-5.0,0.23143506050109863,521.6662667465067,26,538,-139,793,919,80,1126,69
20,-4,0,20.0,-4.0,0.2394871711730957,501.30271809509804,26,518,-135,793,919,80,1126,69
16,-2,0,16.0,-2.0,0.2475721836090088,485.3197473618734,26,502,-133,793,919,80,1126,69
15,-4,0,15.0,-4.0,0.25542211532592773,469.7955934702089,26,487,-129,793,919,80,1126,69
12,-3,0,12.0,-3.0,0.26358628273010254,457.4275124573308,26,475,-126,793,919,80,1126,69
11,-3,0,11.0,-3.0,0.2715260982513428,446.02604096027954,26,464,-123,793,919,80,1126,69
12,-3,0,12.0,-3.0,0.2796132564544678,433.65799469270274,26,452,-120,793,919,80,1126,69
13,-4,0,13.0,-4.0,0.28751611709594727,420.067175646952,26,439,-116,793,919,80,1126,69
15,-4,0,15.0,-4.0,0.29563426971435547,404.5430423573039,26,424,-112,793,919,80,1126,69
17,-5,0,17.0,-5.0,0.30344629287719727,386.8301320010249,26,407,-107,793,919,80,1126,69
17,-5,0,17.0,-5.0,0.31145429611206055,369.1178487737798,26,390,-102,793,919,80,1126,69
17,-4,0,17.0,-4.0,0.3195772171020508,351.6591759572174,26,373,-98,793,919,80,1126,69
16,-4,0,16.0,-4.0,0.32747626304626465,335.16798344385177,26,357,-94,793,919,80,1126,69
16,-4,0,16.0,-4.0,0.33558225631713867,318.6769059635178,26,341,-90,793,919,80,1126,69
16,-4,0,16.0,-4.0,0.3435401916503906,302.1859604445135,26,325,-86,793,919,80,1126,69
15,-4,0,15.0,-4.0,0.35156917572021484,286.6618156251224,26,310,-82,793,919,80,1126,69
14,-3,0,14.0,-3.0,0.35944223403930664,272.360898288277,26,296,-79,793,919,80,1126,69
12,-4,0,12.0,-4.0,0.36749815940856934,259.73627627516487,26,284,-75,793,919,80,1126,69
12,-2,0,12.0,-2.0,0.3754770755767822,247.6256380374486,26,272,-73,793,919,80,1126,69
11,-3,0,11.0,-3.0,0.38347911834716797,236.22398117117586,26,261,-70,793,919,80,1126,69
12,-3,0,12.0,-3.0,0.39154815673828125,223.8565492672234,26,249,-67,793,919,80,1126,69
13,-3,0,13.0,-3.0,0.399564266204834,210.5240274492468,26,236,-64,793,919,80,1126,69
15,-5,0,15.0,-5.0,0.40766215324401855,194.74002710500844,26,221,-59,793,919,80,1126,69
16,-4,0,16.0,-4.0,0.41553807258605957,178.24985276791125,26,205,-55,793,919,80,1126,69
17,-4,0,17.0,-4.0,0.4235870838165283,160.79476378999513,26,188,-51,793,919,80,1126,69
14,-3,0,14.0,-3.0,0.4314742088317871,146.49930747789588,26,174,-48,793,919,80,1126,69
13,-4,0,13.0,-4.0,0.439420223236084,132.90416411821485,26,161,-44,793,919,80,1126,69
10,-3,0,10.0,-3.0,0.44742918014526367,122.46724896923317,26,151,-41,793,919,80,1126,69
7,-2,0,7.0,-2.0,0.4553871154785156,115.18780110987626,26,144,-39,793,919,80,1126,69
8,-2,0,8.0,-2.0,0.46358728408813477,106.94325099131211,26,136,-37,793,919,80,1126,69
8,-2,0,8.0,-2.0,0.47159314155578613,98.69890730522238,26,128,-35,793,919,80,1126,69
8,-3,0,8.0,-3.0,0.47951316833496094,90.1933975700802,26,120,-32,793,919,80,1126,69
8,-2,0,8.0,-2.0,0.4875962734222412,81.94826432508596,26,112,-30,793,919,80,1126,69
10,-2,0,10.0,-2.0,0.49557924270629883,71.77334257741882,26,102,-28,793,919,80,1126,69
10,-3,0,10.0,-3.0,0.5034661293029785,61.33624704172071,26,92,-25,793,919,80,1126,69
8,-2,0,8.0,-2.0,0.5115401744842529,53.091905479212016,26,84,-23,793,919,80,1126,69
7,-2,0,7.0,-2.0,0.5194432735443115,45.81227975693966,26,77,-21,793,919,80,1126,69
5,-1,0,5.0,-1.0,0.5274350643157959,40.72616676907762,26,72,-20,793,919,80,1126,69
4,-1,0,4.0,-1.0,0.5356521606445312,36.60453243241541,26,68,-19,793,919,80,1126,69
4,-2,0,4.0,-2.0,0.5435261726379395,32.21933252457322,26,64,-17,793,919,80,1126,69
3,-1,0,3.0,-1.0,0.5515422821044922,29.06346010171025,26,61,-16,793,919,80,1126,69
4,-1,0,4.0,-1.0,0.5595202445983887,24.9406481131655,26,57,-15,793,919,80,1126,69
2,-1,0,2.0,-1.0,0.5675151348114014,22.753854494650845,26,55,-14,793,919,80,1126,69
2,-1,0,2.0,-1.0,0.5755722522735596,20.571054598569013,26,53,-13,793,919,80,1126,69
1,-1,0,1.0,-1.0,0.5835602283477783,19.366656256505337,26,52,-12,793,919,80,1126,69
1,0,0,1.0,-0.0,0.5995481014251709,18.392747589718944,26,51,-12,793,919,80,1126,69
0,0,1,-0.0,-0.0,0.6434521675109863,18.392747589718944,26,51,-12,793,919,80,1126,69
0,0,0,-0.0,-0.0,0.06474733352661133,471.4609279605472,27,476,114,1218,1045,742,931,36
2,-1,0,2.0,-1.0,0.10264420509338379,469.7509610446708,27,474,115,1218,1045,742,931,36
3,0,0,3.0,-0.0,0.11073422431945801,466.8360547649071,27,471,115,1218,1045,742,931,36
3,-2,0,3.0,-2.0,0.11873126029968262,464.4033581972663,27,468,117,1218,1045,742,931,36
3,-2,0,3.0,-2.0,0.12669134140014648,461.98541644512494,27,465,119,1218,1045,742,931,36
3,-1,0,3.0,-1.0,0.13467836380004883,459.33007447677124,27,462,120,1218,1045,742,931,36
3,-2,0,3.0,-2.0,0.1426713466644287,456.93683790584197,27,459,122,1218,1045,742,931,36
4,-2,0,4.0,-2.0,0.1507413387298584,453.59410513703415,27,455,124,1218,1045,742,931,36
4,-3,0,4.0,-3.0,0.1585843563079834,450.5402864215627,27,451,127,1218,1045,742,931,36
5,-3,0,5.0,-3.0,0.16667437553405762,446.56000688823826,27,446,130,1218,1045,742,931,36
7,-3,0,7.0,-3.0,0.17459440231323242,440.7046980356752,27,439,133,1218,1045,742,931,36
9,-3,0,9.0,-3.0,0.1826024055480957,432.9944567286831,27,430,136,1218,1045,742,931,36
11,-4,0,11.0,-4.0,0.1906273365020752,423.77030230652673,27,419,140,1218,1045,742,931,36
13,-3,0,13.0,-3.0,0.19875240325927734,412.4474416232486,27,406,143,1218,1045,742,931,36
16,-3,0,16.0,-3.0,0.20668840408325195,398.43246751424175,27,390,146,1218,1045,742,931,36
14,-2,0,14.0,-2.0,0.21474933624267578,386.0792001575929,27,376,148,1218,1045,742,931,36
14,-1,0,14.0,-1.0,0.222703218460083,373.46519640959144,27,362,149,1218,1045,742,931,36
12,-1,0,12.0,-1.0,0.23062729835510254,362.7886552931954,27,350,150,1218,1045,742,931,36
11,0,0,11.0,-0.0,0.23855042457580566,352.70338547145747,27,339,150,1218,1045,742,931,36
9,0,0,9.0,-0.0,0.24663019180297852,344.49137920783716,27,330,150,1218,1045,742,931,36
11,1,0,11.0,1.0,0.2547004222869873,334.08237672453873,27,319,149,1218,1045,742,931,36
12,2,0,12.0,2.0,0.2626993656158447,322.37920030460145,27,307,147,1218,1045,742,931,36
13,2,0,13.0,2.0,0.27066540718078613,309.812446377498,27,294,145,1218,1045,742,931,36
14,3,0,14.0,3.0,0.27871227264404297,295.94904045083496,27,280,142,1218,1045,742,931,36
16,3,0,16.0,3.0,0.28673219680786133,280.3571685078138,27,264,139,1218,1045,742,931,36
16,4,0,16.0,4.0,0.2946443557739258,264.36324123369883,27,248,135,1218,1045,742,931,36
17,3,0,17.0,3.0,0.30269837379455566,248.05450569385215,27,231,132,1218,1045,742,931,36
18,5,0,18.0,5.0,0.31055235862731934,229.98790293076797,27,213,127,1218,1045,742,931,36
19,6,0,19.0,6.0,0.3186933994293213,210.64164100180878,27,194,121,1218,1045,742,931,36
19,6,0,19.0,6.0,0.32677626609802246,191.40391591371923,27,175,115,1218,1045,742,931,36
17,7,0,17.0,7.0,0.33472323417663574,173.38442987871298,27,158,108,1218,1045,742,931,36
15,7,0,15.0,7.0,0.3427753448486328,157.07141400011596,27,143,101,1218,1045,742,931,36
13,7,0,13.0,7.0,0.3507413864135742,142.4244370412438,27,130,94,1218,1045,742,931,36
10,6,0,10.0,6.0,0.3587982654571533,130.8086019019062,27,120,88,1218,1045,742,931,36
8,7,0,8.0,7.0,0.3667263984680176,120.2208377922808,27,112,81,1218,1045,742,931,36
7,5,0,7.0,5.0,0.37470340728759766,111.61867149450345,27,105,76,1218,1045,742,931,36
6,5,0,6.0,5.0,0.3827393054962158,103.82774724995944,27,99,71,1218,1045,742,931,36
6,5,0,6.0,5.0,0.3906562328338623,96.03946685248927,27,93,66,1218,1045,742,931,36
5,4,0,5.0,4.0,0.398679256439209,89.64757312638311,27,88,62,1218,1045,742,931,36
6,3,0,6.0,3.0,0.40676021575927734,83.01980003939822,27,82,59,1218,1045,742,931,36
7,4,0,7.0,4.0,0.41468024253845215,75.00537618869137,27,75,55,1218,1045,742,931,36
6,3,0,6.0,3.0,0.42267537117004395,68.40023148117139,27,69,52,1218,1045,742,931,36
7,4,0,7.0,4.0,0.43068528175354004,60.409183135650636,27,62,48,1218,1045,742,931,36
5,4,0,5.0,4.0,0.4387972354888916,54.00694410957877,27,57,44,1218,1045,742,931,36
6,2,0,6.0,2.0,0.4466102123260498,48.06814663663572,27,51,42,1218,1045,742,931,36
6,3,0,6.0,3.0,0.4545624256134033,41.54829972383762,27,45,39,1218,1045,742,931,36
7,4,0,7.0,4.0,0.4626643657684326,33.66236541235796,27,38,35,1218,1045,742,931,36
7,3,0,7.0,3.0,0.4705972671508789,26.553338819890925,27,31,32,1218,1045,742,931,36
6,3,0,6.0,3.0,0.4785923957824707,20.288379438153292,27,25,29,1218,1045,742,931,36
5,3,0,5.0,3.0,0.4866762161254883,14.802438933713454,27,20,26,1218,1045,742,931,36
6,3,0,6.0,3.0,0.4947082996368408,8.92582403567252,27,14,23,1218,1045,742,931,36
5,2,0,5.0,2.0,0.5027313232421875,4.847319317591726,27,9,21,1218,1045,742,931,36
2,2,0,2.0,2.0,0.5105903148651123,2.248456731316587,27,7,19,1218,1045,742,931,36
2,2,0,2.0,2.0,0.5186843872070312,-0.2799548533306506,27,5,17,1218,1045,742,931,36
1,2,0,1.0,2.0,0.5347583293914795,-2.475825303739976,27,4,15,1218,1045,742,931,36
1,3,0,1.0,3.0,0.5425982475280762,-5.630683123147019,27,3,12,1218,1045,742,931,36
3,4,0,3.0,4.0,0.5506823062896729,-10.0,27,0,8,1218,1045,742,931,36
2,3,0,2.0,3.0,0.5587081909179688,-12.614835192865495,27,-2,5,1218,1045,742,931,36
2,4,0,2.0,4.0,0.5666553974151611,-13.876894374382339,27,-4,1,1218,1045,742,931,36
3,3,0,3.0,3.0,0.5746922492980957,-10.719890110719483,27,-7,-2,1218,1045,742,931,36
3,2,0,3.0,2.0,0.5826492309570312,-7.2296703857309925,27,-10,-4,1218,1045,742,931,36
1,1,0,1.0,1.0,0.59059739112854,-5.916954026405428,27,-11,-5,1218,1045,742,931,36
1,1,0,1.0,1.0,0.598649263381958,-4.583592135001261,27,-12,-6,1218,1045,742,931,36
1,2,0,1.0,2.0,0.6066544055938721,-2.735662477526253,27,-13,-8,1218,1045,742,931,36
1,1,0,1.0,1.0,0.6147613525390625,-1.3566830229067612,27,-14,-9,1218,1045,742,931,36
0,1,0,-0.0,1.0,0.6307404041290283,-0.7953494659147466,27,-14,-10,1218,1045,742,931,36
0,0,1,-0.0,-0.0,0.6506862640380859,-0.7953494659147466,27,-14,-10,1218,1045,742,931,36
0,0,0,-0.0,-0.0,0.08791327476501465,689.8459174454824,28,487,-504,1719,551,1232,1055,22
1,-1,0,1.0,-1.0,0.13517022132873535,688.4319123402935,28,486,-503,1719,551,1232,1055,22
1,-2,0,1.0,-2.0,0.14295339584350586,686.2990750029718,28,485,-501,1719,551,1232,1055,22
1,-2,0,1.0,-2.0,0.151017427444458,684.1668864380696,28,484,-499,1719,551,1232,1055,22
2,-3,0,2.0,-3.0,0.1589062213897705,680.6212836516818,28,482,-496,1719,551,1232,1055,22
1,-3,0,1.0,-3.0,0.16695022583007812,677.7742736194493,28,481,-493,1719,551,1232,1055,22
3,-3,0,3.0,-3.0,0.175065279006958,673.5319568873318,28,478,-490,1719,551,1232,1055,22
4,-5,0,4.0,-5.0,0.1830453872680664,667.1600106169635,28,474,-485,1719,551,1232,1055,22
6,-6,0,6.0,-6.0,0.19103240966796875,658.6752944524682,28,468,-479,1719,551,1232,1055,22
8,-8,0,8.0,-8.0,0.1990814208984375,647.3623622291906,28,460,-471,1719,551,1232,1055,22
11,-9,0,11.0,-9.0,0.20710229873657227,633.2398621631543,28,449,-462,1719,551,1232,1055,22
10,-10,0,10.0,-10.0,0.21492528915405273,619.0991985394046,28,439,-452,1719,551,1232,1055,22
11,-11,0,11.0,-11.0,0.22294330596923828,603.5445467986841,28,428,-441,1719,551,1232,1055,22
12,-12,0,12.0,-12.0,0.23091936111450195,586.5759365971826,28,416,-429,1719,551,1232,1055,22
16,-15,0,16.0,-15.0,0.23898530006408691,564.670044383065,28,400,-414,1719,551,1232,1055,22
19,-18,0,19.0,-18.0,0.2470083236694336,538.5243397703144,28,381,-396,1719,551,1232,1055,22
21,-20,0,21.0,-20.0,0.25499534606933594,509.5535515199181,28,360,-376,1719,551,1232,1055,22
22,-22,0,22.0,-22.0,0.2630794048309326,478.44866942305606,28,338,-354,1719,551,1232,1055,22
22,-22,0,22.0,-22.0,0.2710154056549072,447.34484834019895,28,316,-332,1719,551,1232,1055,22
21,-19,0,21.0,-19.0,0.2789433002471924,419.10928843725287,28,295,-313,1719,551,1232,1055,22
19,-19,0,19.0,-19.0,0.28710436820983887,392.2517823891173,28,276,-294,1719,551,1232,1055,22
17,-18,0,17.0,-18.0,0.2948904037475586,367.4930646656554,28,259,-276,1719,551,1232,1055,22
16,-18,0,16.0,-18.0,0.302997350692749,343.41924326988794,28,243,-258,1719,551,1232,1055,22
13,-18,0,13.0,-18.0,0.3109853267669678,321.41540277189324,28,230,-240,1719,551,1232,1055,22
13,-16,0,13.0,-16.0,0.3189992904663086,300.8733717392365,28,217,-224,1719,551,1232,1055,22
11,-14,0,11.0,-14.0,0.32714128494262695,283.17001886664116,28,206,-210,1719,551,1232,1055,22
10,-12,0,10.0,-12.0,0.33510637283325195,267.60366113890177,28,196,-198,1719,551,1232,1055,22
9,-12,0,9.0,-12.0,0.34319043159484863,252.751777245197,28,187,-186,1719,551,1232,1055,22
7,-10,0,7.0,-10.0,0.3511073589324951,240.745903640953,28,180,-176,1719,551,1232,1055,22
7,-11,0,7.0,-11.0,0.35908031463623047,228.06902768865731,28,173,-165,1719,551,1232,1055,22
7,-10,0,7.0,-10.0,0.36696624755859375,216.11450856341168,28,166,-155,1719,551,1232,1055,22
8,-10,0,8.0,-10.0,0.37491631507873535,203.45046047980406,28,158,-145,1719,551,1232,1055,22
7,-11,0,7.0,-11.0,0.38307642936706543,190.8836298465034,28,151,-134,1719,551,1232,1055,22
8,-10,0,8.0,-10.0,0.39109230041503906,178.274932307477,28,143,-124,1719,551,1232,1055,22
7,-8,0,7.0,-8.0,0.3990612030029297,167.75122377203465,28,136,-116,1719,551,1232,1055,22
5,-6,0,5.0,-6.0,0.4071671962738037,160.05846953600397,28,131,-110,1719,551,1232,1055,22
4,-5,0,4.0,-5.0,0.41515135765075684,153.78470802838473,28,127,-105,1719,551,1232,1055,22
5,-4,0,5.0,-4.0,0.42316341400146484,147.38244852255568,28,122,-101,1719,551,1232,1055,22
5,-5,0,5.0,-5.0,0.4309654235839844,140.34397906755325,28,117,-96,1719,551,1232,1055,22
4,-4,0,4.0,-4.0,0.4389913082122803,134.71547618561317,28,113,-92,1719,551,1232,1055,22
4,-4,0,4.0,-4.0,0.4469013214111328,129.089257261219,28,109,-88,1719,551,1232,1055,22
5,-4,0,5.0,-4.0,0.45497822761535645,122.68619973654722,28,104,-84,1719,551,1232,1055,22
5,-4,0,5.0,-4.0,0.46312928199768066,116.283148923964,28,99,-80,1719,551,1232,1055,22
5,-5,0,5.0,-5.0,0.4711122512817383,109.2538980657176,28,94,-75,1719,551,1232,1055,22
5,-5,0,5.0,-5.0,0.4790153503417969,102.22985472038724,28,89,-70,1719,551,1232,1055,22
5,-4,0,5.0,-4.0,0.48714637756347656,95.82696288858914,28,84,-66,1719,551,1232,1055,22
4,-3,0,4.0,-3.0,0.4950222969055176,90.82828683622247,28,80,-63,1719,551,1232,1055,22
2,-2,0,2.0,-2.0,0.5029714107513428,88.02019995940222,28,78,-61,1719,551,1232,1055,22
3,-1,0,3.0,-1.0,0.5110433101654053,85.04686356149273,28,75,-60,1719,551,1232,1055,22
2,-1,0,2.0,-1.0,0.5188932418823242,82.86160024205851,28,73,-59,1719,551,1232,1055,22
3,-1,0,3.0,-1.0,0.5269372463226318,79.9065454189081,28,70,-58,1719,551,1232,1055,22
2,-2,0,2.0,-2.0,0.5349693298339844,77.09086218218096,28,68,-56,1719,551,1232,1055,22
3,0,0,3.0,-0.0,0.5430693626403809,74.7962703152066,28,65,-56,1719,551,1232,1055,22
2,0,0,2.0,-0.0,0.5510573387145996,73.29116205154607,28,63,-56,1719,551,1232,1055,22
3,0,0,3.0,-0.0,0.5590403079986572,71.07313811473277,28,60,-56,1719,551,1232,1055,22
3,0,0,3.0,-0.0,0.56699538230896,68.90619500389191,28,57,-56,1719,551,1232,1055,22
1,0,0,1.0,-0.0,0.574883222579956,68.19595949289332,28,56,-56,1719,551,1232,1055,22
2,0,0,2.0,-0.0,0.5828862190246582,66.79460135510689,28,54,-56,1719,551,1232,1055,22
3,0,0,3.0,-0.0,0.5909552574157715,64.7429864739964,28,51,-56,1719,551,1232,1055,22
4,0,0,4.0,-0.0,0.5989682674407959,62.109506905736964,28,47,-56,1719,551,1232,1055,22
4,-1,0,4.0,-1.0,0.6069543361663818,58.81403870282824,28,43,-55,1719,551,1232,1055,22
5,-2,0,5.0,-2.0,0.6150643825531006,54.215028942721474,28,38,-53,1719,551,1232,1055,22
4,-1,0,4.0,-1.0,0.6230323314666748,51.12889826803627,28,34,-52,1719,551,1232,1055,22
5,-2,0,5.0,-2.0,0.6309523582458496,46.8013840664737,28,29,-50,1719,551,1232,1055,22
3,-1,0,3.0,-1.0,0.639047384262085,44.47071299343465,28,26,-49,1719,551,1232,1055,22
2,-2,0,2.0,-2.0,0.6471202373504639,41.773099207835045,28,24,-47,1719,551,1232,1055,22
2,-1,0,2.0,-1.0,0.6550693511962891,39.99019513592785,28,22,-46,1719,551,1232,1055,22
2,-1,0,2.0,-1.0,0.6630604267120361,38.24428900898052,28,20,-45,1719,551,1232,1055,22
2,-2,0,2.0,-2.0,0.6709442138671875,35.61544808322666,28,18,-43,1719,551,1232,1055,22
1,-1,0,1.0,-1.0,0.6791393756866455,34.31004303683677,28,17,-42,1719,551,1232,1055,22
1,-1,0,1.0,-1.0,0.6869974136352539,33.01136216933077,28,16,-41,1719,551,1232,1055,22
1,-1,0,1.0,-1.0,0.6950793266296387,31.720018726587654,28,15,-40,1719,551,1232,1055,22
0,-1,0,-0.0,-1.0,0.7029514312744141,30.785164831552358,28,15,-39,1719,551,1232,1055,22
0,-1,0,-0.0,-1.0,0.7110393047332764,29.85339643163099,28,15,-38,1719,551,1232,1055,22
1,-2,0,1.0,-2.0,0.7190194129943848,27.626415831655933,28,14,-36,1719,551,1232,1055,22
2,-3,0,2.0,-3.0,0.7268772125244141,24.114099732158877,28,12,-33,1719,551,1232,1055,22
1,-2,0,1.0,-2.0,0.7349493503570557,21.89376840679705,28,11,-31,1719,551,1232,1055,22
2,-3,0,2.0,-3.0,0.7429094314575195,18.410882339705484,28,9,-28,1719,551,1232,1055,22
1,-3,0,1.0,-3.0,0.7509493827819824,15.248809496813376,28,8,-25,1719,551,1232,1055,22
2,-3,0,2.0,-3.0,0.759026288986206,11.803508501982758,28,6,-22,1719,551,1232,1055,22
1,-2,0,1.0,-2.0,0.7669632434844971,9.615528128088304,28,5,-20,1719,551,1232,1055,22
1,-2,0,1.0,-2.0,0.7750382423400879,7.439088914585774,28,4,-18,1719,551,1232,1055,22
2,-2,0,2.0,-2.0,0.7830922603607178,5.124515496597098,28,2,-16,1719,551,1232,1055,22
2,-3,0,2.0,-3.0,0.7911882400512695,2.0,28,0,-13,1719,551,1232,1055,22
2,-3,0,2.0,-3.0,0.799039363861084,-0.801960972814431,28,-2,-10,1719,551,1232,1055,22
2,-2,0,2.0,-2.0,0.8070724010467529,-2.055728090000841,28,-4,-8,1719,551,1232,1055,22
1,-1,0,1.0,-1.0,0.8149943351745605,-2.3976747329573733,28,-5,-7,1719,551,1232,1055,22
0,-1,0,-0.0,-1.0,0.8229532241821289,-3.189750324093346,28,-5,-6,1719,551,1232,1055,22
0,0,1,-0.0,-0.0,0.8580312728881836,-3.189750324093346,28,-5,-6,1719,551,1232,1055,22
0,0,0,-0.0,-0.0,0.09620332717895508,1456.900734455517,29,-1479,-188,245,369,1724,557,68
-2,2,0,-2.0,2.0,0.12730646133422852,1455.1705745145516,29,-1477,-190,245,369,1724,557,68
-3,2,0,-3.0,2.0,0.13546037673950195,1452.4521519376262,29,-1474,-192,245,369,1724,557,68
-3,2,0,-3.0,2.0,0.1433103084564209,1449.7375104781843,29,-1471,-194,245,369,1724,557,68
-5,2,0,-5.0,2.0,0.15119647979736328,1445.0442860171563,29,-1466,-196,245,369,1724,557,68
-6,3,0,-6.0,3.0,0.15940046310424805,1439.499575839776,29,-1460,-199,245,369,1724,557,68
-3,2,0,-3.0,2.0,0.167433500289917,1436.799102528962,29,-1457,-201,245,369,1724,557,68
-5,2,0,-5.0,2.0,0.17524933815002441,1432.1217548348432,29,-1452,-203,245,369,1724,557,68
-8,2,0,-8.0,2.0,0.18335747718811035,1424.4790022485754,29,-1444,-205,245,369,1724,557,68
-8,2,0,-8.0,2.0,0.19129633903503418,1416.842858479167,29,-1436,-207,245,369,1724,557,68
-10,1,0,-10.0,1.0,0.19931650161743164,1407.0898653449756,29,-1426,-208,245,369,1724,557,68
-11,0,0,-11.0,-0.0,0.2073063850402832,1396.2059292283752,29,-1415,-208,245,369,1724,557,68
-14,0,0,-14.0,-0.0,0.21535944938659668,1382.3562404988372,29,-1401,-208,245,369,1724,557,68
-17,-1,0,-17.0,-1.0,0.22323131561279297,1365.3945119229245,29,-1384,-207,245,369,1724,557,68
-25,-3,0,-25.0,-3.0,0.2312164306640625,1340.2259639520714,29,-1359,-204,245,369,1724,557,68
-32,-3,0,-32.0,-3.0,0.23917031288146973,1308.1363567089597,29,-1327,-201,245,369,1724,557,68
-34,-5,0,-34.0,-5.0,0.2473905086517334,1273.7710044193518,29,-1293,-196,245,369,1724,557,68
-38,-6,0,-38.0,-6.0,0.2552754878997803,1235.3009887335627,29,-1255,-190,245,369,1724,557,68
-38,-7,0,-38.0,-7.0,0.2633063793182373,1196.6819247880421,29,-1217,-183,245,369,1724,557,68
-40,-8,0,-40.0,-8.0,0.27128028869628906,1155.938653880947,29,-1177,-175,245,369,1724,557,68
-43,-9,0,-43.0,-9.0,0.2793123722076416,1112.0855116438738,29,-1134,-166,245,369,1724,557,68
-43,-9,0,-43.0,-9.0,0.28740739822387695,1068.2386311502605,29,-1091,-157,245,369,1724,557,68
-46,-9,0,-46.0,-9.0,0.2952883243560791,1021.4283490602288,29,-1045,-148,245,369,1724,557,68
-45,-9,0,-45.0,-9.0,0.3033254146575928,975.6142827832815,29,-1000,-139,245,369,1724,557,68
-43,-7,0,-43.0,-7.0,0.31130146980285645,932.0605571080935,29,-957,-132,245,369,1724,557,68
-42,-7,0,-42.0,-7.0,0.3193013668060303,889.4987818075343,29,-915,-125,245,369,1724,557,68
-43,-6,0,-43.0,-6.0,0.3271613121032715,846.0823825074559,29,-872,-119,245,369,1724,557,68
-41,-5,0,-41.0,-5.0,0.3353414535522461,804.7830470389825,29,-831,-114,245,369,1724,557,68
-40,-5,0,-40.0,-5.0,0.3432934284210205,764.4747960956564,29,-791,-109,245,369,1724,557,68
-40,-3,0,-40.0,-3.0,0.3514444828033447,724.4438014777364,29,-751,-106,245,369,1724,557,68
-39,-2,0,-39.0,-2.0,0.359297513961792,685.5554182966034,29,-712,-104,245,369,1724,557,68
-35,-1,0,-35.0,-1.0,0.3673994541168213,650.7904789057745,29,-677,-103,245,369,1724,557,68
-32,-1,0,-32.0,-1.0,0.3751533031463623,619.015313756117,29,-645,-102,245,369,1724,557,68
-25,0,0,-25.0,-0.0,0.3832404613494873,594.3343059232084,29,-620,-102,245,369,1724,557,68
-22,-1,0,-22.0,-1.0,0.39118051528930664,572.4692902365297,29,-598,-101,245,369,1724,557,68
-21,-1,0,-21.0,-1.0,0.3992123603820801,551.6014002715499,29,-577,-100,245,369,1724,557,68
-20,-2,0,-20.0,-2.0,0.4072995185852051,531.5554791530182,29,-557,-98,245,369,1724,557,68
-20,-2,0,-20.0,-2.0,0.4153144359588623,511.51351953915866,29,-537,-96,245,369,1724,557,68
-21,-3,0,-21.0,-3.0,0.423370361328125,490.31383731501876,29,-516,-93,245,369,1724,557,68
-21,-3,0,-21.0,-3.0,0.43123841285705566,469.1152949374527,29,-495,-90,245,369,1724,557,68
-20,-3,0,-20.0,-3.0,0.43923330307006836,448.90164630077624,29,-475,-87,245,369,1724,557,68
-22,-4,0,-22.0,-4.0,0.4472625255584717,426.5409862324959,29,-453,-83,245,369,1724,557,68
-23,-5,0,-23.0,-5.0,0.45525145530700684,403.0171621343949,29,-430,-78,245,369,1724,557,68
-25,-5,0,-25.0,-5.0,0.4632723331451416,377.5264268549469,29,-405,-73,245,369,1724,557,68
-25,-6,0,-25.0,-6.0,0.4712343215942383,351.86137407105156,29,-380,-67,245,369,1724,557,68
-23,-4,0,-23.0,-4.0,0.4793083667755127,328.51620653427346,29,-357,-63,245,369,1724,557,68
-22,-4,0,-22.0,-4.0,0.48729848861694336,306.15584663503876,29,-335,-59,245,369,1724,557,68
-22,-3,0,-22.0,-3.0,0.4953644275665283,283.9701243827791,29,-313,-56,245,369,1724,557,68
-22,-4,0,-22.0,-4.0,0.5034153461456299,261.6095397648729,29,-291,-52,245,369,1724,557,68
-21,-4,0,-21.0,-4.0,0.5112004280090332,240.23347716863452,29,-270,-48,245,369,1724,557,68
-21,-5,0,-21.0,-5.0,0.5191714763641357,218.68557536986555,29,-249,-43,245,369,1724,557,68
-21,-4,0,-21.0,-4.0,0.527348518371582,197.3114783144148,29,-228,-39,245,369,1724,557,68
-21,-3,0,-21.0,-3.0,0.5352673530578613,176.10711553871752,29,-207,-36,245,369,1724,557,68
-18,-3,0,-18.0,-3.0,0.5433733463287354,157.8593234638338,29,-189,-33,245,369,1724,557,68
-15,-2,0,-15.0,-2.0,0.5513303279876709,142.7399219191861,29,-174,-31,245,369,1724,557,68
-13,-1,0,-13.0,-1.0,0.5594773292541504,129.77118183612157,29,-161,-30,245,369,1724,557,68
-12,-1,0,-12.0,-1.0,0.5672914981842041,117.79591562357663,29,-149,-29,245,369,1724,557,68
-11,-1,0,-11.0,-1.0,0.5753333568572998,106.81193131265547,29,-138,-28,245,369,1724,557,68
-10,-1,0,-10.0,-1.0,0.5833284854888916,96.81666560496029,29,-128,-27,245,369,1724,557,68
-8,-1,0,-8.0,-1.0,0.5913383960723877,88.78436382536663,29,-120,-26,245,369,1724,557,68
-9,-1,0,-9.0,-1.0,0.5992424488067627,79.78049041905207,29,-111,-25,245,369,1724,557,68
-9,-1,0,-9.0,-1.0,0.607250452041626,70.78549517943789,29,-102,-24,245,369,1724,557,68
-10,-1,0,-10.0,-1.0,0.6153852939605713,60.83142938920619,29,-92,-23,245,369,1724,557,68
-10,-1,0,-10.0,-1.0,0.6233224868774414,50.899941107164494,29,-82,-22,245,369,1724,557,68
-11,-1,0,-11.0,-1.0,0.6313514709472656,40.040529441651074,29,-71,-21,245,369,1724,557,68
-11,-2,0,-11.0,-2.0,0.6392993927001953,28.93647591023825,29,-60,-19,245,369,1724,557,68
-12,-2,0,-12.0,-2.0,0.6473143100738525,16.921508225896062,29,-48,-17,245,369,1724,557,68
-13,-2,0,-13.0,-2.0,0.6552674770355225,4.078865529319543,29,-35,-15,245,369,1724,557,68
-11,-2,0,-11.0,-2.0,0.663271427154541,-6.705311872087638,29,-24,-13,245,369,1724,557,68
-12,-2,0,-12.0,-2.0,0.6712894439697266,-17.721179403900294,29,-12,-11,245,369,1724,557,68
-12,-2,0,-12.0,-2.0,0.6793413162231445,-25.0,29,0,-9,245,369,1724,557,68
-11,-2,0,-11.0,-2.0,0.6873743534088135,-20.961595189594703,29,11,-7,245,369,1724,557,68
-8,-2,0,-8.0,-2.0,0.6952865123748779,-14.3531172956115,29,19,-5,245,369,1724,557,68
-5,-1,0,-5.0,-1.0,0.7034404277801514,-9.668949878807123,29,24,-4,245,369,1724,557,68
-2,-1,0,-2.0,-1.0,0.7112762928009033,-7.827495343395199,29,26,-3,245,369,1724,557,68
0,0,1,-0.0,-0.0,0.7462713718414307,-7.827495343395199,29,26,-3,245,369,1724,557,68
0,0,0,-0.0,-0.0,0.07228922843933105,1050.8978595948643,30,965,478,1184,850,219,372,52
2,0,0,2.0,-0.0,0.11521625518798828,1049.10604128151,30,963,478,1184,850,219,372,52
5,1,0,5.0,1.0,0.12335538864135742,1044.1836291029686,30,958,477,1184,850,219,372,52
7,0,0,7.0,-0.0,0.13133621215820312,1037.9219896214195,30,951,477,1184,850,219,372,52
8,1,0,8.0,1.0,0.1393873691558838,1030.3261806847354,30,943,476,1184,850,219,372,52
8,0,0,8.0,-0.0,0.14723730087280273,1023.1906404462441,30,935,476,1184,850,219,372,52
9,0,0,9.0,-0.0,0.15529727935791016,1015.1781787955413,30,926,476,1184,850,219,372,52
9,0,0,9.0,-0.0,0.16330528259277344,1007.1819781626082,30,917,476,1184,850,219,372,52
12,0,0,12.0,-0.0,0.171525239944458,996.5463314686529,30,905,476,1184,850,219,372,52
14,0,0,14.0,-0.0,0.17961931228637695,984.1767172133794,30,891,476,1184,850,219,372,52
17,3,0,17.0,3.0,0.1871633529663086,967.7831755468594,30,874,473,1184,850,219,372,52
20,4,0,20.0,4.0,0.19527840614318848,948.3084727128262,30,854,469,1184,850,219,372,52
22,5,0,22.0,5.0,0.20333623886108398,926.6384413826686,30,832,464,1184,850,219,372,52
24,8,0,24.0,8.0,0.21126341819763184,901.7930803794561,30,808,456,1184,850,219,372,52
24,8,0,24.0,8.0,0.21928739547729492,876.9728678094376,30,784,448,1184,850,219,372,52
23,8,0,23.0,8.0,0.22728633880615234,853.0455050792308,30,761,440,1184,850,219,372,52
23,10,0,23.0,10.0,0.23533940315246582,828.1334790300635,30,738,430,1184,850,219,372,52
29,12,0,29.0,12.0,0.24342823028564453,797.0461712443598,30,709,418,1184,850,219,372,52
36,16,0,36.0,16.0,0.2513704299926758,757.9215521976673,30,673,402,1184,850,219,372,52
38,18,0,38.0,18.0,0.2591972351074219,716.0788367821845,30,635,384,1184,850,219,372,52
37,18,0,37.0,18.0,0.26712632179260254,675.1134002427852,30,598,366,1184,850,219,372,52
34,21,0,34.0,21.0,0.27521729469299316,635.151268621637,30,564,345,1184,850,219,372,52
31,22,0,31.0,22.0,0.28333234786987305,597.2318990552393,30,533,323,1184,850,219,372,52
29,24,0,29.0,24.0,0.2912583351135254,560.0179178148054,30,504,299,1184,850,219,372,52
26,24,0,26.0,24.0,0.29926633834838867,525.4607873638886,30,478,275,1184,850,219,372,52
25,23,0,25.0,23.0,0.30724525451660156,492.3753466360066,30,453,252,1184,850,219,372,52
23,20,0,23.0,20.0,0.31525135040283203,462.5939009033985,30,430,232,1184,850,219,372,52
20,18,0,20.0,18.0,0.32320332527160645,436.4889187861694,30,410,214,1184,850,219,372,52
19,19,0,19.0,19.0,0.3312513828277588,410.92791167422575,30,391,195,1184,850,219,372,52
18,16,0,18.0,16.0,0.3392932415008545,387.726963104896,30,373,179,1184,850,219,372,52
15,14,0,15.0,14.0,0.347278356552124,368.1941146186736,30,358,165,1184,850,219,372,52
16,12,0,16.0,12.0,0.35515642166137695,348.66384933697566,30,342,153,1184,850,219,372,52
14,12,0,14.0,12.0,0.3632853031158447,331.0224082603219,30,328,141,1184,850,219,372,52
15,10,0,15.0,10.0,0.3712422847747803,313.3081195609678,30,313,131,1184,850,219,372,52
14,10,0,14.0,10.0,0.37926530838012695,296.55542159449124,30,299,121,1184,850,219,372,52
13,7,0,13.0,7.0,0.38727641105651855,281.8830946966722,30,286,114,1184,850,219,372,52
13,7,0,13.0,7.0,0.3951892852783203,267.2200538844504,30,273,107,1184,850,219,372,52
11,6,0,11.0,6.0,0.4031352996826172,254.79351844371337,30,262,101,1184,850,219,372,52
10,5,0,10.0,5.0,0.4112694263458252,243.6664606509308,30,252,96,1184,850,219,372,52
9,4,0,9.0,4.0,0.4192392826080322,233.83263844251746,30,243,92,1184,850,219,372,52
7,4,0,7.0,4.0,0.42726826667785645,225.87298386289865,30,236,88,1184,850,219,372,52
5,3,0,5.0,3.0,0.43530821800231934,220.1422353030865,30,231,85,1184,850,219,372,52
5,3,0,5.0,3.0,0.44327640533447266,214.41630560342617,30,226,82,1184,850,219,372,52
5,1,0,5.0,1.0,0.45128726959228516,209.37629447333902,30,221,81,1184,850,219,372,52
6,1,0,6.0,1.0,0.45916128158569336,203.40139493908924,30,215,80,1184,850,219,372,52
7,2,0,7.0,2.0,0.46715235710144043,196.14409737825582,30,208,78,1184,850,219,372,52
9,1,0,9.0,1.0,0.47524023056030273,187.37759957408838,30,199,77,1184,850,219,372,52
11,1,0,11.0,1.0,0.4831364154815674,176.78066969018522,30,188,76,1184,850,219,372,52
10,0,0,10.0,-0.0,0.49119019508361816,167.54586019855861,30,178,76,1184,850,219,372,52
10,0,0,10.0,-0.0,0.49924230575561523,158.39088914585776,30,168,76,1184,850,219,372,52
9,0,0,9.0,-0.0,0.5072662830352783,150.22996340009834,30,159,76,1184,850,219,372,52
8,0,0,8.0,-0.0,0.5152802467346191,143.04733065032408,30,151,76,1184,850,219,372,52
6,0,0,6.0,-0.0,0.5235412120819092,137.71010964506743,30,145,76,1184,850,219,372,52
3,0,0,3.0,-0.0,0.5312812328338623,135.05899540230592,30,142,76,1184,850,219,372,52
3,0,0,3.0,-0.0,0.539304256439209,132.42032697857937,30,139,76,1184,850,219,372,52
3,0,0,3.0,-0.0,0.547828197479248,129.79473675320358,30,136,76,1184,850,219,372,52
4,0,0,4.0,-0.0,0.5551202297210693,126.31546211727817,30,132,76,1184,850,219,372,52
4,0,0,4.0,-0.0,0.5631463527679443,122.86235252742716,30,128,76,1184,850,219,372,52
3,1,0,3.0,1.0,0.5711562633514404,119.7737973711325,30,125,75,1184,850,219,372,52
3,0,0,3.0,-0.0,0.5792543888092041,117.20963654726592,30,122,75,1184,850,219,372,52
1,1,0,1.0,1.0,0.5871973037719727,115.83441049336369,30,121,74,1184,850,219,372,52
1,0,0,1.0,-0.0,0.5953922271728516,114.98226838861686,30,120,74,1184,850,219,372,52
3,1,0,3.0,1.0,0.6034014225006104,111.90576492663388,30,117,73,1184,850,219,372,52
3,2,0,3.0,2.0,0.6112022399902344,108.30189872075525,30,114,71,1184,850,219,372,52
5,3,0,5.0,3.0,0.6192793846130371,102.47178678604885,30,109,68,1184,850,219,372,52
5,3,0,5.0,3.0,0.6272482872009277,96.64175471673585,30,104,65,1184,850,219,372,52
6,5,0,6.0,5.0,0.6351203918457031,88.9086593777858,30,98,60,1184,850,219,372,52
7,4,0,7.0,4.0,0.6432042121887207,80.85036265731624,30,91,56,1184,850,219,372,52
7,5,0,7.0,5.0,0.6512653827667236,72.2700361249552,30,84,51,1184,850,219,372,52
9,6,0,9.0,6.0,0.6593813896179199,61.46427842267951,30,75,45,1184,850,219,372,52
11,5,0,11.0,5.0,0.6672923564910889,49.471849056452825,30,64,40,1184,850,219,372,52
11,6,0,11.0,6.0,0.675288200378418,36.96824596572466,30,53,34,1184,850,219,372,52
9,5,0,9.0,5.0,0.68332839012146,26.69724850502159,30,44,29,1184,850,219,372,52
6,4,0,6.0,4.0,0.6911993026733398,19.486261662176638,30,38,25,1184,850,219,372,52
5,3,0,5.0,3.0,0.6991562843322754,13.66106403010388,30,33,22,1184,850,219,372,52
5,3,0,5.0,3.0,0.7072322368621826,7.837848631377263,30,28,19,1184,850,219,372,52
4,4,0,4.0,4.0,0.7153422832489014,2.3019433961698113,30,24,15,1184,850,219,372,52
2,2,0,2.0,2.0,0.7232704162597656,-0.4461353216387245,30,22,13,1184,850,219,372,52
3,2,0,3.0,2.0,0.7313003540039062,-4.0455015998998505,30,19,11,1184,850,219,372,52
1,1,0,1.0,1.0,0.739255428314209,-5.408739718025998,30,18,10,1184,850,219,372,52
1,1,0,1.0,1.0,0.7472832202911377,-6.764615938328657,30,17,9,1184,850,219,372,52
1,0,0,1.0,-0.0,0.755211353302002,-7.6424402493141805,30,16,9,1184,850,219,372,52
0,0,1,-0.0,-0.0,0.8023173809051514,-7.6424402493141805,30,16,9,1184,850,219,372,52
0,0,0,-0.0,-0.0,0.06539058685302734,763.149277809611,31,-544,-555,624,286,1168,841,29
-1,-1,0,-1.0,-1.0,0.12054562568664551,761.7351352104661,31,-543,-554,624,286,1168,841,29
-1,-4,0,-1.0,-4.0,0.12837767601013184,758.1813258555272,31,-542,-550,624,286,1168,841,29
-1,-6,0,-1.0,-6.0,0.13641571998596191,753.2137902827346,31,-541,-544,624,286,1168,841,29
0,-6,0,-0.0,-6.0,0.14438462257385254,748.9711659034042,31,-541,-538,624,286,1168,841,29
-1,-6,0,-1.0,-6.0,0.1524486541748047,744.0395768032167,31,-540,-532,624,286,1168,841,29
-2,-6,0,-2.0,-6.0,0.16032862663269043,738.40946299206,31,-538,-526,624,286,1168,841,29
-2,-6,0,-2.0,-6.0,0.1683657169342041,732.7904659273577,31,-536,-520,624,286,1168,841,29
-5,-8,0,-5.0,-8.0,0.17644858360290527,723.6347334555227,31,-531,-512,624,286,1168,841,29
-6,-8,0,-6.0,-8.0,0.18447470664978027,713.7643849488652,31,-525,-504,624,286,1168,841,29
-8,-8,0,-8.0,-8.0,0.19243168830871582,702.4530689445053,31,-517,-496,624,286,1168,841,29
-9,-9,0,-9.0,-9.0,0.20041871070861816,689.7279303821897,31,-508,-487,624,286,1168,841,29
-12,-11,0,-12.0,-11.0,0.2084205150604248,673.4532711392098,31,-496,-476,624,286,1168,841,29
-16,-13,0,-16.0,-13.0,0.21644258499145508,652.9100389107964,31,-480,-463,624,286,1168,841,29
-20,-16,0,-20.0,-16.0,0.22445273399353027,627.4117242458233,31,-460,-447,624,286,1168,841,29
-23,-17,0,-23.0,-17.0,0.23229050636291504,599.0815606426277,31,-437,-430,624,286,1168,841,29
-24,-18,0,-24.0,-18.0,0.24029254913330078,569.3635230283087,31,-413,-412,624,286,1168,841,29
-27,-20,0,-27.0,-20.0,0.24832367897033691,536.1454353168806,31,-386,-392,624,286,1168,841,29
-27,-21,0,-27.0,-21.0,0.2563595771789551,502.2576875940929,31,-359,-371,624,286,1168,841,29
-27,-20,0,-27.0,-20.0,0.2643005847930908,469.1407662369219,31,-332,-351,624,286,1168,841,29
-29,-20,0,-29.0,-20.0,0.2724146842956543,434.7426879627121,31,-303,-331,624,286,1168,841,29
-29,-17,0,-29.0,-17.0,0.2804255485534668,402.7397269279712,31,-274,-314,624,286,1168,841,29
-26,-16,0,-26.0,-16.0,0.28852367401123047,373.6957570054127,31,-248,-298,624,286,1168,841,29
-25,-14,0,-25.0,-14.0,0.2962915897369385,347.08863177895813,31,-223,-284,624,286,1168,841,29
-20,-12,0,-20.0,-12.0,0.30430054664611816,325.40094283899685,31,-203,-272,624,286,1168,841,29
-16,-11,0,-16.0,-11.0,0.3123764991760254,307.0763149159402,31,-187,-261,624,286,1168,841,29
-11,-10,0,-11.0,-10.0,0.3203465938568115,292.5566831762113,31,-176,-251,624,286,1168,841,29
-9,-9,0,-9.0,-9.0,0.32840466499328613,280.02891014320346,31,-167,-242,624,286,1168,841,29
-7,-10,0,-7.0,-10.0,0.33638763427734375,267.82263926093657,31,-160,-232,624,286,1168,841,29
-6,-9,0,-6.0,-9.0,0.3443336486816406,257.0073799733136,31,-154,-223,624,286,1168,841,29
-5,-10,0,-5.0,-10.0,0.3524136543273926,245.94230129011322,31,-149,-213,624,286,1168,841,29
-5,-11,0,-5.0,-11.0,0.36052966117858887,234.07257002740147,31,-144,-202,624,286,1168,841,29
-4,-13,0,-4.0,-13.0,0.3684825897216797,221.2041666297602,31,-140,-189,624,286,1168,841,29
-6,-15,0,-6.0,-15.0,0.3763315677642822,205.61784991206886,31,-134,-174,624,286,1168,841,29
-8,-18,0,-8.0,-18.0,0.38440561294555664,186.52929960482084,31,-126,-156,624,286,1168,841,29
-11,-17,0,-11.0,-17.0,0.39232754707336426,166.40509970618902,31,-115,-139,624,286,1168,841,29
-12,-15,0,-12.0,-15.0,0.4003715515136719,147.19863522995473,31,-103,-124,624,286,1168,841,29
-15,-15,0,-15.0,-15.0,0.4085085391998291,126.08925726121899,31,-88,-109,624,286,1168,841,29
-15,-12,0,-15.0,-12.0,0.41646456718444824,107.40016474453401,31,-73,-97,624,286,1168,841,29
-16,-11,0,-16.0,-11.0,0.4243795871734619,89.1746092796091,31,-57,-86,624,286,1168,841,29
-12,-7,0,-12.0,-7.0,0.43245673179626465,76.91754506144565,31,-45,-79,624,286,1168,841,29
-10,-7,0,-10.0,-7.0,0.4405956268310547,66.05623023850174,31,-35,-72,624,286,1168,841,29
-7,-6,0,-7.0,-6.0,0.44835352897644043,57.69379331573968,31,-28,-66,624,286,1168,841,29
-4,-6,0,-4.0,-6.0,0.45627760887145996,50.62197768561404,31,-24,-60,624,286,1168,841,29
-2,-5,0,-2.0,-5.0,0.4642465114593506,45.23681287847955,31,-22,-55,624,286,1168,841,29
-2,-5,0,-2.0,-5.0,0.4723026752471924,39.85164807134504,31,-20,-50,624,286,1168,841,29
-1,-4,0,-1.0,-4.0,0.48030853271484375,35.76946855251722,31,-19,-46,624,286,1168,841,29
-1,-4,0,-1.0,-4.0,0.48839569091796875,31.694638635183452,31,-18,-42,624,286,1168,841,29
0,-4,0,-0.0,-4.0,0.49640560150146484,28.04759208325728,31,-18,-38,624,286,1168,841,29
-1,-3,0,-1.0,-3.0,0.5043585300445557,24.910152916687437,31,-17,-35,624,286,1168,841,29
-1,-3,0,-1.0,-3.0,0.512284517288208,21.777087639996637,31,-16,-32,624,286,1168,841,29
-1,-2,0,-1.0,-2.0,0.5202937126159668,19.541019662496844,31,-15,-30,624,286,1168,841,29
0,-1,0,-0.0,-1.0,0.5363235473632812,18.649655434629018,31,-15,-29,624,286,1168,841,29
-1,-1,0,-1.0,-1.0,0.5443756580352783,17.304951684997057,31,-14,-28,624,286,1168,841,29
0,-1,0,-0.0,-1.0,0.6083145141601562,16.4138126514911,31,-14,-27,624,286,1168,841,29
0,-2,0,-0.0,-2.0,0.6163856983184814,14.653097563788805,31,-14,-25,624,286,1168,841,29
-1,-2,0,-1.0,-2.0,0.6243886947631836,12.419689627245813,31,-13,-23,624,286,1168,841,29
-1,-1,0,-1.0,-1.0,0.6323425769805908,11.059928172283335,31,-12,-22,624,286,1168,841,29
0,-1,0,-0.0,-1.0,0.6404116153717041,10.186773244895647,31,-12,-21,624,286,1168,841,29
0,0,1,-0.0,-0.0,0.6853876113891602,10.186773244895647,31,-12,-21,624,286,1168,841,29
0,0,0,-0.0,-0.0,0.0814199447631836,244.80073230159425,32,37,243,673,550,636,307,3
1,0,0,1.0,-0.0,0.16261792182922363,244.65219315121126,32,36,243,673,550,636,307,3
3,1,0,3.0,1.0,0.1705329418182373,243.2396364229197,32,33,242,673,550,636,307,3
3,2,0,3.0,2.0,0.1785287857055664,240.8677324489565,32,30,240,673,550,636,307,3
4,1,0,4.0,1.0,0.18650484085083008,239.4100663449848,32,26,239,673,550,636,307,3
2,2,0,2.0,2.0,0.19443988800048828,237.2120903732638,32,24,237,673,550,636,307,3
3,1,0,3.0,1.0,0.20244383811950684,235.93247983339052,32,21,236,673,550,636,307,3
2,2,0,2.0,2.0,0.21054577827453613,233.7701003109212,32,19,234,673,550,636,307,3
3,3,0,3.0,3.0,0.21853184700012207,230.5534495532295,32,16,231,673,550,636,307,3
3,6,0,3.0,6.0,0.22653579711914062,224.37524265100637,32,13,225,673,550,636,307,3
5,7,0,5.0,7.0,0.23456883430480957,217.14673960433146,32,8,218,673,550,636,307,3
5,11,0,5.0,11.0,0.2425248622894287,206.02173798903343,32,3,207,673,550,636,307,3
6,13,0,6.0,13.0,0.2504887580871582,193.02319448973105,32,-3,194,673,550,636,307,3
7,16,0,7.0,16.0,0.2585599422454834,177.2806775845324,32,-10,178,673,550,636,307,3
7,16,0,7.0,16.0,0.2664468288421631,161.88953311984167,32,-17,162,673,550,636,307,3
5,18,0,5.0,18.0,0.27448582649230957,144.67086187704115,32,-22,144,673,550,636,307,3
3,15,0,3.0,15.0,0.28246188163757324,130.40015220691336,32,-25,129,673,550,636,307,3
3,15,0,3.0,15.0,0.29050683975219727,116.38824472663352,32,-28,114,673,550,636,307,3
1,13,0,1.0,13.0,0.29851794242858887,104.08092119885512,32,-29,101,673,550,636,307,3
2,13,0,2.0,13.0,0.3065049648284912,92.30058949438637,32,-31,88,673,550,636,307,3
0,13,0,-0.0,13.0,0.3145778179168701,80.15417426109393,32,-31,75,673,550,636,307,3
0,11,0,-0.0,11.0,0.3223598003387451,70.11258679024411,32,-31,64,673,550,636,307,3
0,9,0,-0.0,9.0,0.33054089546203613,62.13477647065839,32,-31,55,673,550,636,307,3
-2,7,0,-2.0,7.0,0.33841776847839355,55.08029957123981,32,-29,48,673,550,636,307,3
-1,6,0,-1.0,6.0,0.3463747501373291,49.47771785649585,32,-28,42,673,550,636,307,3
0,2,0,-0.0,2.0,0.35446977615356445,47.82622246293481,32,-28,40,673,550,636,307,3
-1,1,0,-1.0,1.0,0.3625309467315674,46.43416490252569,32,-27,39,673,550,636,307,3
-1,1,0,-1.0,1.0,0.3706347942352295,45.04345773288535,32,-26,38,673,550,636,307,3
0,2,0,-0.0,2.0,0.37847280502319336,43.40720662234904,32,-26,36,673,550,636,307,3
-2,3,0,-2.0,3.0,0.38665080070495605,39.80441152620633,32,-24,33,673,550,636,307,3
-2,2,0,-2.0,2.0,0.3944997787475586,37.01315561749642,32,-22,31,673,550,636,307,3
-2,2,0,-2.0,2.0,0.4024479389190674,34.22782990761707,32,-20,29,673,550,636,307,3
-1,2,0,-1.0,2.0,0.41047191619873047,32.015148038438355,32,-19,27,673,550,636,307,3
-1,1,0,-1.0,1.0,0.418550968170166,30.622776601683793,32,-18,26,673,550,636,307,3
-1,1,0,-1.0,1.0,0.42656397819519043,29.23243291566195,32,-17,25,673,550,636,307,3
0,1,0,-0.0,1.0,0.43460798263549805,28.410882339705484,32,-17,24,673,550,636,307,3
-1,1,0,-1.0,1.0,0.4424457550048828,27.0178514522438,32,-16,23,673,550,636,307,3
-1,0,0,-1.0,-0.0,0.4504687786102295,26.459060435491963,32,-15,23,673,550,636,307,3
-1,2,0,-1.0,2.0,0.4585459232330322,24.238858928247925,32,-14,21,673,550,636,307,3
-1,1,0,-1.0,1.0,0.46648478507995605,22.853720883753127,32,-13,20,673,550,636,307,3
-1,2,0,-1.0,2.0,0.4743809700012207,20.633307652783937,32,-12,18,673,550,636,307,3
-1,0,0,-1.0,-0.0,0.48238086700439453,20.095023109728988,32,-11,18,673,550,636,307,3
-1,1,0,-1.0,1.0,0.49043989181518555,18.72308292331602,32,-10,17,673,550,636,307,3
-1,0,0,-1.0,-0.0,0.49859189987182617,18.235384061671343,32,-9,17,673,550,636,307,3
-1,1,0,-1.0,1.0,0.506511926651001,16.88854381999832,32,-8,16,673,550,636,307,3
-2,0,0,-2.0,-0.0,0.5145618915557861,16.08800749063506,32,-6,16,673,550,636,307,3
-2,1,0,-2.0,1.0,0.522479772567749,14.524174696260024,32,-4,15,673,550,636,307,3
-1,1,0,-1.0,1.0,0.5305087566375732,13.317821063276353,32,-3,14,673,550,636,307,3
-1,0,0,-1.0,-0.0,0.5465459823608398,13.142135623730951,32,-2,14,673,550,636,307,3
0,2,0,-0.0,2.0,0.5544338226318359,11.165525060596439,32,-2,12,673,550,636,307,3
-1,1,0,-1.0,1.0,0.5624849796295166,10.045361017187261,32,-1,11,673,550,636,307,3
0,1,0,-0.0,1.0,0.570476770401001,9.04987562112089,32,-1,10,673,550,636,307,3
0,1,0,-0.0,1.0,0.6025757789611816,8.055385138137417,32,-1,9,673,550,636,307,3
-1,1,0,-1.0,1.0,0.6265017986297607,7.0,32,0,8,673,550,636,307,3
0,1,0,-0.0,1.0,0.6423828601837158,6.0,32,0,7,673,550,636,307,3
-1,1,0,-1.0,1.0,0.6505379676818848,5.082762530298219,32,1,6,673,550,636,307,3
0,1,0,-0.0,1.0,0.658566951751709,4.0990195135927845,32,1,5,673,550,636,307,3
0,0,1,-0.0,-0.0,0.7634828090667725,4.0990195135927845,32,1,5,673,550,636,307,3
0,1,1,-0.0,1.0,0.8424558639526367,3.1231056256176606,32,1,4,673,550,636,307,3
0,0,0,-0.0,-0.0,0.8494727611541748,3.1231056256176606,32,1,4,673,550,636,307,3
0,2,0,-0.0,2.0,0.8504078388214111,1.2360679774997898,32,1,2,673,550,636,307,3
1,3,0,1.0,3.0,0.8586058616638184,0.0,32,0,-1,673,550,636,307,3
1,1,0,1.0,1.0,0.8664019107818604,1.2360679774997898,32,-1,-2,673,550,636,307,3
0,1,0,-0.0,1.0,0.8745148181915283,2.1622776601683795,32,-1,-3,673,550,636,307,3
1,1,0,1.0,1.0,0.8826439380645752,3.4721359549995796,32,-2,-4,673,550,636,307,3
0,1,0,-0.0,1.0,0.898514986038208,4.385164807134504,32,-2,-5,673,550,636,307,3
0,0,1,-0.0,-0.0,0.9654419422149658,4.385164807134504,32,-2,-5,673,550,636,307,3
0,0,0,-0.0,-0.0,1.0606858730316162,4.385164807134504,32,-2,-5,673,550,636,307,3
-2,0,0,-2.0,-0.0,1.1865508556365967,4.0,32,0,-5,673,550,636,307,3
0,-1,0,-0.0,-1.0,1.2024147510528564,3.0,32,0,-4,673,550,636,307,3
-1,0,0,-1.0,-0.0,1.2184529304504395,3.1231056256176606,32,1,-4,673,550,636,307,3
0,-1,0,-0.0,-1.0,1.2585718631744385,2.1622776601683795,32,1,-3,673,550,636,307,3
0,-1,0,-0.0,-1.0,1.2665209770202637,1.2360679774997898,32,1,-2,673,550,636,307,3
1,-2,0,1.0,-2.0,1.2743849754333496,-1.0,32,0,0,673,550,636,307,3
1,-1,0,1.0,-1.0,1.2824897766113281,0.41421356237309515,32,-1,1,673,550,636,307,3
0,-1,0,-0.0,-1.0,1.2984747886657715,1.2360679774997898,32,-1,2,673,550,636,307,3
0,0,1,-0.0,-0.0,1.3515338897705078,1.2360679774997898,32,-1,2,673,550,636,307,3
0,0,0,-0.0,-0.0,0.1042318344116211,959.0005181345759,33,755,601,1429,1149,674,548,13
1,0,0,1.0,-0.0,0.2535078525543213,958.2183362703698,33,754,601,1429,1149,674,548,13
5,0,0,5.0,-0.0,0.2613499164581299,954.3134904811033,33,749,601,1429,1149,674,548,13
9,1,0,9.0,1.0,0.26944684982299805,946.6804291051643,33,740,600,1429,1149,674,548,13
10,1,0,10.0,1.0,0.2772350311279297,938.299211055479,33,730,599,1429,1149,674,548,13
11,4,0,11.0,4.0,0.2852590084075928,927.2663071171057,33,719,595,1429,1149,674,548,13
11,4,0,11.0,4.0,0.2935140132904053,916.2499661154778,33,708,591,1429,1149,674,548,13
12,6,0,12.0,6.0,0.3012268543243408,903.1979982380076,33,696,585,1429,1149,674,548,13
15,8,0,15.0,8.0,0.30930185317993164,886.5749268268743,33,681,577,1429,1149,674,548,13
19,11,0,19.0,11.0,0.3173699378967285,864.976463516667,33,662,566,1429,1149,674,548,13
23,13,0,23.0,13.0,0.32535696029663086,839.062127893565,33,639,553,1429,1149,674,548,13
26,16,0,26.0,16.0,0.33337903022766113,808.9466240190212,33,613,537,1429,1149,674,548,13
26,17,0,26.0,17.0,0.3414490222930908,778.1995919407252,33,587,520,1429,1149,674,548,13
29,18,0,29.0,18.0,0.3493309020996094,744.5784436019995,33,558,502,1429,1149,674,548,13
30,22,0,30.0,22.0,0.3572390079498291,707.5712998712883,33,528,480,1429,1149,674,548,13
36,25,0,36.0,25.0,0.365278959274292,664.1410299332522,33,492,455,1429,1149,674,548,13
35,25,0,35.0,25.0,0.37335991859436035,621.4942230809778,33,457,430,1429,1149,674,548,13
31,25,0,31.0,25.0,0.381335973739624,581.7933310271562,33,426,405,1429,1149,674,548,13
28,24,0,28.0,24.0,0.38931703567504883,544.9673311549425,33,398,381,1429,1149,674,548,13
26,25,0,26.0,25.0,0.3975028991699219,508.89804816099274,33,372,356,1429,1149,674,548,13
27,24,0,27.0,24.0,0.4054720401763916,472.7995405177411,33,345,332,1429,1149,674,548,13
26,27,0,26.0,27.0,0.41344499588012695,435.34566951540376,33,319,305,1429,1149,674,548,13
25,24,0,25.0,24.0,0.4213860034942627,400.69029985973356,33,294,281,1429,1149,674,548,13
22,18,0,22.0,18.0,0.42931699752807617,372.3556527924487,33,272,263,1429,1149,674,548,13
17,15,0,17.0,15.0,0.4373178482055664,349.7091508522096,33,255,248,1429,1149,674,548,13
14,13,0,14.0,13.0,0.4452638626098633,330.60956611480907,33,241,235,1429,1149,674,548,13
9,10,0,9.0,10.0,0.4532599449157715,317.1857051294194,33,232,225,1429,1149,674,548,13
9,9,0,9.0,9.0,0.46141481399536133,304.4593371119638,33,223,216,1429,1149,674,548,13
7,8,0,7.0,8.0,0.4693448543548584,293.866637023861,33,216,208,1429,1149,674,548,13
4,7,0,4.0,7.0,0.47742390632629395,286.138665705175,33,212,201,1429,1149,674,548,13
3,4,0,3.0,4.0,0.48531484603881836,281.2107240337658,33,209,197,1429,1149,674,548,13
3,5,0,3.0,5.0,0.4934418201446533,275.60255680657446,33,206,192,1429,1149,674,548,13
2,4,0,2.0,4.0,0.5012989044189453,271.41665415039523,33,204,188,1429,1149,674,548,13
2,4,0,2.0,4.0,0.5093309879302979,267.2398214023717,33,202,184,1429,1149,674,548,13
2,5,0,2.0,5.0,0.517340898513794,262.40454541605664,33,200,179,1429,1149,674,548,13
3,5,0,3.0,5.0,0.5253078937530518,256.8402556687236,33,197,174,1429,1149,674,548,13
2,6,0,2.0,6.0,0.533254861831665,251.38881094561975,33,195,168,1429,1149,674,548,13
2,4,0,2.0,4.0,0.5413498878479004,247.26863208853953,33,193,164,1429,1149,674,548,13
2,4,0,2.0,4.0,0.549332857131958,243.16059078433733,33,191,160,1429,1149,674,548,13
1,2,0,1.0,2.0,0.5574159622192383,241.1113109511582,33,190,158,1429,1149,674,548,13
1,2,0,1.0,2.0,0.5654380321502686,239.0652974209119,33,189,156,1429,1149,674,548,13
1,2,0,1.0,2.0,0.5732929706573486,237.02263269086689,33,188,154,1429,1149,674,548,13
1,2,0,1.0,2.0,0.5813260078430176,234.9834019180574,33,187,152,1429,1149,674,548,13
1,4,0,1.0,4.0,0.5893399715423584,231.69728648009425,33,186,148,1429,1149,674,548,13
2,3,0,2.0,3.0,0.5973730087280273,228.26694175662087,33,184,145,1429,1149,674,548,13
2,4,0,2.0,4.0,0.6054098606109619,224.2281477143922,33,182,141,1429,1149,674,548,13
3,4,0,3.0,4.0,0.6133439540863037,219.41073621280776,33,179,137,1429,1149,674,548,13
3,5,0,3.0,5.0,0.6213808059692383,214.0,33,176,132,1429,1149,674,548,13
4,5,0,4.0,5.0,0.6293449401855469,207.80598681982693,33,172,127,1429,1149,674,548,13
3,5,0,3.0,5.0,0.6373870372772217,202.4346420343797,33,169,122,1429,1149,674,548,13
4,5,0,4.0,5.0,0.6452689170837402,196.27209397245088,33,165,117,1429,1149,674,548,13
5,6,0,5.0,6.0,0.6533908843994141,188.7331507473753,33,160,111,1429,1149,674,548,13
6,6,0,6.0,6.0,0.6612188816070557,180.38937737972086,33,154,105,1429,1149,674,548,13
5,4,0,5.0,4.0,0.6693298816680908,174.00555546982432,33,149,101,1429,1149,674,548,13
6,4,0,6.0,4.0,0.6774468421936035,166.7946758439044,33,143,97,1429,1149,674,548,13
5,3,0,5.0,3.0,0.685377836227417,160.97305171793442,33,138,94,1429,1149,674,548,13
5,3,0,5.0,3.0,0.6933469772338867,155.15210206509875,33,133,91,1429,1149,674,548,13
5,3,0,5.0,3.0,0.7013888359069824,149.3319027115808,33,128,88,1429,1149,674,548,13
3,3,0,3.0,3.0,0.7093408107757568,145.16216457830973,33,125,85,1429,1149,674,548,13
4,2,0,4.0,2.0,0.7174038887023926,140.7310464761974,33,121,83,1429,1149,674,548,13
3,3,0,3.0,3.0,0.72530198097229,136.56226709757388,33,118,80,1429,1149,674,548,13
4,3,0,4.0,3.0,0.7332518100738525,131.56816492197603,33,114,77,1429,1149,674,548,13
3,2,0,3.0,2.0,0.7412879467010498,127.96268137059664,33,111,75,1429,1149,674,548,13
4,4,0,4.0,4.0,0.7494649887084961,122.41339493993607,33,107,71,1429,1149,674,548,13
3,3,0,3.0,3.0,0.757349967956543,118.25779653607253,33,104,68,1429,1149,674,548,13
5,3,0,5.0,3.0,0.7655119895935059,112.43141475132347,33,99,65,1429,1149,674,548,13
3,3,0,3.0,3.0,0.7734119892120361,108.28035701729323,33,96,62,1429,1149,674,548,13
4,4,0,4.0,4.0,0.7813489437103271,102.75660899458019,33,92,58,1429,1149,674,548,13
4,3,0,4.0,3.0,0.7892708778381348,97.77379245262264,33,88,55,1429,1149,674,548,13
2,2,0,2.0,2.0,0.7972018718719482,95.01980003939822,33,86,53,1429,1149,674,548,13
4,4,0,4.0,4.0,0.8052518367767334,89.524865872714,33,82,49,1429,1149,674,548,13
2,3,0,2.0,3.0,0.8133878707885742,86.28217596047462,33,80,46,1429,1149,674,548,13
2,2,0,2.0,2.0,0.8214619159698486,83.55445270895244,33,78,44,1429,1149,674,548,13
1,2,0,1.0,2.0,0.829442024230957,81.70974860299168,33,77,42,1429,1149,674,548,13
2,4,0,2.0,4.0,0.8373498916625977,78.07734534343957,33,75,38,1429,1149,674,548,13
3,2,0,3.0,2.0,0.8453550338745117,74.49844718999243,33,72,36,1429,1149,674,548,13
2,3,0,2.0,3.0,0.8533658981323242,71.38862965578342,33,70,33,1429,1149,674,548,13
1,3,0,1.0,3.0,0.8613598346710205,69.23961722390672,33,69,30,1429,1149,674,548,13
3,3,0,3.0,3.0,0.8694088459014893,65.30918594402827,33,66,27,1429,1149,674,548,13
2,3,0,2.0,3.0,0.8773529529571533,62.35202996254024,33,64,24,1429,1149,674,548,13
2,3,0,2.0,3.0,0.8854029178619385,59.45991139621256,33,62,21,1429,1149,674,548,13
2,2,0,2.0,2.0,0.8932888507843018,56.93647591023825,33,60,19,1429,1149,674,548,13
2,4,0,2.0,4.0,0.9013938903808594,53.90826320300064,33,58,15,1429,1149,674,548,13
3,3,0,3.0,3.0,0.9094479084014893,50.293871780150276,33,55,12,1429,1149,674,548,13
3,3,0,3.0,3.0,0.9176068305969238,46.773099207835045,33,52,9,1429,1149,674,548,13
2,3,0,2.0,3.0,0.9253690242767334,44.35871324805669,33,50,6,1429,1149,674,548,13
3,2,0,3.0,2.0,0.9332208633422852,41.16990566028302,33,47,4,1429,1149,674,548,13
3,3,0,3.0,3.0,0.9412150382995605,38.01136216933077,33,44,1,1429,1149,674,548,13
3,2,0,3.0,2.0,0.9492290019989014,35.012193308819754,33,41,-1,1429,1149,674,548,13
3,2,0,3.0,2.0,0.9574759006500244,32.118237105091836,33,38,-3,1429,1149,674,548,13
3,2,0,3.0,2.0,0.9653148651123047,29.355339059327378,33,35,-5,1429,1149,674,548,13
2,1,0,2.0,1.0,0.9733469486236572,27.541019662496844,33,33,-6,1429,1149,674,548,13
3,1,0,3.0,1.0,0.9813330173492432,24.805843601498726,33,30,-7,1429,1149,674,548,13
2,0,0,2.0,-0.0,0.9894030094146729,22.861739379323623,33,28,-7,1429,1149,674,548,13
2,0,0,2.0,-0.0,0.9975039958953857,20.92582403567252,33,26,-7,1429,1149,674,548,13
2,0,0,2.0,-0.0,1.0054898262023926,19.0,33,24,-7,1429,1149,674,548,13
3,1,0,3.0,1.0,1.0134248733520508,16.47220505424423,33,21,-8,1429,1149,674,548,13
3,0,0,3.0,-0.0,1.021353006362915,13.697715603592208,33,18,-8,1429,1149,674,548,13
2,1,0,2.0,1.0,1.0292909145355225,12.35755975068582,33,16,-9,1429,1149,674,548,13
2,0,0,2.0,-0.0,1.03745698928833,10.643316977093239,33,14,-9,1429,1149,674,548,13
2,0,0,2.0,-0.0,1.0453729629516602,9.0,33,12,-9,1429,1149,674,548,13
2,0,0,2.0,-0.0,1.0534310340881348,7.45362404707371,33,10,-9,1429,1149,674,548,13
2,0,0,2.0,-0.0,1.0614309310913086,6.041594578792296,33,8,-9,1429,1149,674,548,13
2,0,0,2.0,-0.0,1.069260835647583,4.816653826391969,33,6,-9,1429,1149,674,548,13
2,0,0,2.0,-0.0,1.0773389339447021,3.848857801796104,33,4,-9,1429,1149,674,548,13
1,0,0,1.0,-0.0,1.0853848457336426,3.486832980505138,33,3,-9,1429,1149,674,548,13
1,-1,0,1.0,-1.0,1.1012639999389648,2.246211251235321,33,2,-8,1429,1149,674,548,13
0,-1,0,-0.0,-1.0,1.1572539806365967,1.280109889280518,33,2,-7,1429,1149,674,548,13
0,-1,0,-0.0,-1.0,1.1652169227600098,0.32455532033675905,33,2,-6,1429,1149,674,548,13
0,-2,0,-0.0,-2.0,1.1733918190002441,-1.5278640450004204,33,2,-4,1429,1149,674,548,13
0,-1,0,-0.0,-1.0,1.1814379692077637,-2.394448724536011,33,2,-3,1429,1149,674,548,13
0,-1,0,-0.0,-1.0,1.1973919868469238,-3.1715728752538097,33,2,-2,1429,1149,674,548,13
0,0,1,-0.0,-0.0,1.240271806716919,-3.1715728752538097,33,2,-2,1429,1149,674,548,13
0,0,0,-0.0,-0.0,0.08416628837585449,414.03554352684563,34,65,-417,1492,734,1427,1151,17
0,-1,0,-0.0,-1.0,0.1320502758026123,413.04750325824284,34,65,-416,1492,734,1427,1151,17
-1,-1,0,-1.0,-1.0,0.14034128189086914,412.21542094501956,34,66,-415,1492,734,1427,1151,17
-1,-1,0,-1.0,-1.0,0.1481473445892334,411.38645662443605,34,67,-414,1492,734,1427,1151,17
0,-2,0,-0.0,-2.0,0.15610122680664062,409.41226623088113,34,67,-412,1492,734,1427,1151,17
-2,-2,0,-2.0,-2.0,0.16424226760864258,407.76555893916947,34,69,-410,1492,734,1427,1151,17
-1,-2,0,-1.0,-2.0,0.17211532592773438,405.961350852951,34,70,-408,1492,734,1427,1151,17
-1,-3,0,-1.0,-3.0,0.1801133155822754,403.1763611882376,34,71,-405,1492,734,1427,1151,17
-1,-4,0,-1.0,-4.0,0.18806815147399902,399.4125673073917,34,72,-401,1492,734,1427,1151,17
0,-5,0,-0.0,-5.0,0.19613432884216309,394.49223594996215,34,72,-396,1492,734,1427,1151,17
0,-9,0,-0.0,-9.0,0.20405316352844238,385.64069911532266,34,72,-387,1492,734,1427,1151,17
2,-9,0,2.0,-9.0,0.21223115921020508,376.42684609688746,34,70,-378,1492,734,1427,1151,17
2,-12,0,2.0,-12.0,0.22030329704284668,364.2633476451852,34,68,-366,1492,734,1427,1151,17
-1,-17,0,-1.0,-17.0,0.22818922996520996,347.7555340398797,34,69,-349,1492,734,1427,1151,17
-7,-22,0,-7.0,-22.0,0.23621535301208496,327.7156534926544,34,76,-327,1492,734,1427,1151,17
-6,-23,0,-6.0,-23.0,0.24419832229614258,306.8650504581288,34,82,-304,1492,734,1427,1151,17
-1,-18,0,-1.0,-18.0,0.2521822452545166,289.80026863654774,34,83,-286,1492,734,1427,1151,17
0,-16,0,-0.0,-16.0,0.26029515266418457,274.4694673765644,34,83,-270,1492,734,1427,1151,17
2,-13,0,2.0,-13.0,0.26819920539855957,261.462427807663,34,81,-257,1492,734,1427,1151,17
2,-14,0,2.0,-14.0,0.27628636360168457,247.51907952244974,34,79,-243,1492,734,1427,1151,17
3,-13,0,3.0,-13.0,0.2842593193054199,234.2312944274542,34,76,-230,1492,734,1427,1151,17
3,-15,0,3.0,-15.0,0.29219627380371094,219.05505940189926,34,73,-215,1492,734,1427,1151,17
3,-14,0,3.0,-14.0,0.30023717880249023,204.84031572989173,34,70,-201,1492,734,1427,1151,17
3,-15,0,3.0,-15.0,0.3081941604614258,189.69926656414282,34,67,-186,1492,734,1427,1151,17
3,-12,0,3.0,-12.0,0.3163163661956787,177.39687160251654,34,64,-174,1492,734,1427,1151,17
3,-11,0,3.0,-11.0,0.3241293430328369,166.04022523543227,34,61,-163,1492,734,1427,1151,17
4,-13,0,4.0,-13.0,0.3321843147277832,152.46494944379597,34,57,-150,1492,734,1427,1151,17
4,-14,0,4.0,-14.0,0.34023118019104004,137.96232390586277,34,53,-136,1492,734,1427,1151,17
3,-14,0,3.0,-14.0,0.34811830520629883,123.84839779079607,34,50,-122,1492,734,1427,1151,17
3,-14,0,3.0,-14.0,0.35631632804870605,109.78370006074695,34,47,-108,1492,734,1427,1151,17
4,-11,0,4.0,-11.0,0.36419129371643066,98.10372283760829,34,43,-97,1492,734,1427,1151,17
3,-9,0,3.0,-9.0,0.37221336364746094,88.66436778875658,34,40,-88,1492,734,1427,1151,17
4,-6,0,4.0,-6.0,0.3802361488342285,81.55445270895244,34,36,-82,1492,734,1427,1151,17
2,-5,0,2.0,-5.0,0.38806819915771484,76.17244204607586,34,34,-77,1492,734,1427,1151,17
3,-4,0,3.0,-4.0,0.3961203098297119,71.30952023559341,34,31,-73,1492,734,1427,1151,17
2,-4,0,2.0,-4.0,0.40413522720336914,66.84650960465692,34,29,-69,1492,734,1427,1151,17
2,-4,0,2.0,-4.0,0.4121263027191162,62.384657419071104,34,27,-65,1492,734,1427,1151,17
3,-5,0,3.0,-5.0,0.4201643466949463,56.62197768561404,34,24,-60,1492,734,1427,1151,17
2,-5,0,2.0,-5.0,0.4282722473144531,51.23681287847955,34,22,-55,1492,734,1427,1151,17
3,-5,0,3.0,-5.0,0.43619513511657715,45.48831648126533,34,19,-50,1492,734,1427,1151,17
3,-6,0,3.0,-6.0,0.4442253112792969,38.8187996428785,34,16,-44,1492,734,1427,1151,17
3,-5,0,3.0,-5.0,0.4523942470550537,33.10960958218893,34,13,-39,1492,734,1427,1151,17
3,-4,0,3.0,-4.0,0.46010923385620117,28.400549446402593,34,10,-35,1492,734,1427,1151,17
2,-4,0,2.0,-4.0,0.4681742191314697,24.015621187164243,34,8,-31,1492,734,1427,1151,17
2,-4,0,2.0,-4.0,0.47622132301330566,19.65863337187866,34,6,-27,1492,734,1427,1151,17
1,-2,0,1.0,-2.0,0.48410534858703613,17.495097567963924,34,5,-25,1492,734,1427,1151,17
0,-3,0,-0.0,-3.0,0.4921412467956543,14.561028345356956,34,5,-22,1492,734,1427,1151,17
0,-2,0,-0.0,-2.0,0.5002322196960449,12.615528128088304,34,5,-20,1492,734,1427,1151,17
1,-3,0,1.0,-3.0,0.5082461833953857,9.464249196572979,34,4,-17,1492,734,1427,1151,17
0,-2,0,-0.0,-2.0,0.5160932540893555,7.524174696260024,34,4,-15,1492,734,1427,1151,17
0,-2,0,-0.0,-2.0,0.5242102146148682,5.601470508735444,34,4,-13,1492,734,1427,1151,17
0,-3,0,-0.0,-3.0,0.532069206237793,2.7703296142690075,34,4,-10,1492,734,1427,1151,17
0,-2,0,-0.0,-2.0,0.540053129196167,0.9442719099991592,34,4,-8,1492,734,1427,1151,17
0,-2,0,-0.0,-2.0,0.548133134841919,-0.7888974490720218,34,4,-6,1492,734,1427,1151,17
0,0,1,-0.0,-0.0,0.6670613288879395,-0.7888974490720218,34,4,-6,1492,734,1427,1151,17
0,0,0,-0.0,-0.0,0.0831754207611084,1148.4814773691273,35,-1162,-113,326,627,1488,740,39
-1,0,0,-1.0,-0.0,0.1114654541015625,1147.4861765147498,35,-1161,-113,326,627,1488,740,39
-1,0,0,-1.0,-0.0,0.1192324161529541,1146.4908837052308,35,-1160,-113,326,627,1488,740,39
-1,0,0,-1.0,-0.0,0.12722539901733398,1145.4955989611983,35,-1159,-113,326,627,1488,740,39
-1,0,0,-1.0,-0.0,0.135176420211792,1144.5003223033502,35,-1158,-113,326,627,1488,740,39
-1,0,0,-1.0,-0.0,0.14321351051330566,1143.5050537524558,35,-1157,-113,326,627,1488,740,39
-4,1,0,-4.0,1.0,0.1513204574584961,1139.6220263744342,35,-1153,-114,326,627,1488,740,39
-2,1,0,-2.0,1.0,0.15907549858093262,1137.730737898842,35,-1151,-115,326,627,1488,740,39
-2,1,0,-2.0,1.0,0.16716837882995605,1135.8406816526685,35,-1149,-116,326,627,1488,740,39
-3,0,0,-3.0,-0.0,0.17518329620361328,1132.8558937644934,35,-1146,-116,326,627,1488,740,39
-3,1,0,-3.0,1.0,0.18332743644714355,1129.9725845293265,35,-1143,-117,326,627,1488,740,39
-4,0,0,-4.0,-0.0,0.19121551513671875,1125.9934497629233,35,-1139,-117,326,627,1488,740,39
-5,1,0,-5.0,1.0,0.19917941093444824,1121.1228004035354,35,-1134,-118,326,627,1488,740,39
-8,0,0,-8.0,-0.0,0.20709729194641113,1113.1660655575224,35,-1126,-118,326,627,1488,740,39
-11,0,0,-11.0,-0.0,0.2152233123779297,1102.2265605130838,35,-1115,-118,326,627,1488,740,39
-16,0,0,-16.0,-0.0,0.22313642501831055,1086.316696698281,35,-1099,-118,326,627,1488,740,39
-20,-4,0,-20.0,-4.0,0.23111248016357422,1066.0055299398248,35,-1079,-114,326,627,1488,740,39
-24,-3,0,-24.0,-3.0,0.23930931091308594,1041.8232652049069,35,-1055,-111,326,627,1488,740,39
-29,-4,0,-29.0,-4.0,0.2473583221435547,1012.5643460298538,35,-1026,-107,326,627,1488,740,39
-31,-4,0,-31.0,-4.0,0.2551863193511963,981.3169497714212,35,-995,-103,326,627,1488,740,39
-36,-4,0,-36.0,-4.0,0.2632453441619873,945.096468202223,35,-959,-99,326,627,1488,740,39
-39,-5,0,-39.0,-5.0,0.2712104320526123,905.7897058250594,35,-920,-94,326,627,1488,740,39
-42,-4,0,-42.0,-4.0,0.2793292999267578,863.6007024696955,35,-878,-90,326,627,1488,740,39
-44,-4,0,-44.0,-4.0,0.2872743606567383,819.4223279469602,35,-834,-86,326,627,1488,740,39
-45,-3,0,-45.0,-3.0,0.29523444175720215,774.3536411966608,35,-789,-83,326,627,1488,740,39
-45,-3,0,-45.0,-3.0,0.30309152603149414,729.2887143342468,35,-744,-80,326,627,1488,740,39
-45,-3,0,-45.0,-3.0,0.3112623691558838,684.2282701939677,35,-699,-77,326,627,1488,740,39
-46,-4,0,-46.0,-4.0,0.31917452812194824,638.0677286246829,35,-653,-73,326,627,1488,740,39
-44,-4,0,-44.0,-4.0,0.32720947265625,593.8964023389271,35,-609,-69,326,627,1488,740,39
-40,-4,0,-40.0,-4.0,0.3352193832397461,553.700619870452,35,-569,-65,326,627,1488,740,39
-36,-4,0,-36.0,-4.0,0.3432023525238037,517.4792633457513,35,-533,-61,326,627,1488,740,39
-30,-3,0,-30.0,-3.0,0.3512003421783447,487.3328944479116,35,-503,-58,326,627,1488,740,39
-26,-2,0,-26.0,-2.0,0.35932230949401855,461.27596233832065,35,-477,-56,326,627,1488,740,39
-22,-3,0,-22.0,-3.0,0.36708641052246094,439.07641283960476,35,-455,-53,326,627,1488,740,39
-18,-2,0,-18.0,-2.0,0.37515830993652344,420.9659077701362,35,-437,-51,326,627,1488,740,39
-17,-2,0,-17.0,-2.0,0.3831813335418701,403.8486726950908,35,-420,-49,326,627,1488,740,39
-16,-1,0,-16.0,-1.0,0.39121150970458984,387.8414924758781,35,-404,-48,326,627,1488,740,39
-16,-1,0,-16.0,-1.0,0.39923834800720215,371.8362828602278,35,-388,-47,326,627,1488,740,39
-15,-1,0,-15.0,-1.0,0.4072573184967041,356.8257574994029,35,-373,-46,326,627,1488,740,39
-12,-1,0,-12.0,-1.0,0.4152374267578125,344.7938976948349,35,-361,-45,326,627,1488,740,39
-12,-1,0,-12.0,-1.0,0.42350339889526367,332.7627041060493,35,-349,-44,326,627,1488,740,39
-10,0,0,-10.0,-0.0,0.43123650550842285,322.84353145847297,35,-339,-44,326,627,1488,740,39
-12,-2,0,-12.0,-2.0,0.43925952911376953,310.6862144524699,35,-327,-42,326,627,1488,740,39
-12,-2,0,-12.0,-2.0,0.447129487991333,298.52952618614853,35,-315,-40,326,627,1488,740,39
-13,-2,0,-13.0,-2.0,0.4552345275878906,285.381339769704,35,-302,-38,326,627,1488,740,39
-11,-3,0,-11.0,-3.0,0.4632134437561035,274.09725348423177,35,-291,-35,326,627,1488,740,39
-12,-4,0,-12.0,-4.0,0.4712364673614502,261.71693928225994,35,-279,-31,326,627,1488,740,39
-14,-4,0,-14.0,-4.0,0.479250431060791,247.3719204420766,35,-265,-27,326,627,1488,740,39
-15,-3,0,-15.0,-3.0,0.4873085021972656,232.14935795259362,35,-250,-24,326,627,1488,740,39
-17,-4,0,-17.0,-4.0,0.49512147903442383,214.8567937862828,35,-233,-20,326,627,1488,740,39
-16,-3,0,-16.0,-3.0,0.5031473636627197,198.66488003350472,35,-217,-17,326,627,1488,740,39
-18,-3,0,-18.0,-3.0,0.5111114978790283,180.49185447030163,35,-199,-14,326,627,1488,740,39
-17,-2,0,-17.0,-2.0,0.5192184448242188,163.3951753747889,35,-182,-12,326,627,1488,740,39
-18,-3,0,-18.0,-3.0,0.5272274017333984,145.24676556937126,35,-164,-9,326,627,1488,740,39
-18,-3,0,-18.0,-3.0,0.5352222919464111,127.12323566086263,35,-146,-6,326,627,1488,740,39
-18,-2,0,-18.0,-2.0,0.5432093143463135,109.06248474865697,35,-128,-4,326,627,1488,740,39
-15,-1,0,-15.0,-1.0,0.5512514114379883,94.03981599418853,35,-113,-3,326,627,1488,740,39
-15,-1,0,-15.0,-1.0,0.5591163635253906,79.02040603874276,35,-98,-2,326,627,1488,740,39
-13,-1,0,-13.0,-1.0,0.5670773983001709,66.00588214941364,35,-85,-1,326,627,1488,740,39
-13,-1,0,-13.0,-1.0,0.5751004219055176,53.0,35,-72,0,326,627,1488,740,39
-11,-1,0,-11.0,-1.0,0.5831153392791748,42.00819617067857,35,-61,1,326,627,1488,740,39
-9,0,0,-9.0,-0.0,0.5911123752593994,33.009614495783374,35,-52,1,326,627,1488,740,39
-8,0,0,-8.0,-0.0,0.5992753505706787,25.011362169330773,35,-44,1,326,627,1488,740,39
-7,-1,0,-7.0,-1.0,0.6072654724121094,18.05401462729781,35,-37,2,326,627,1488,740,39
-5,0,0,-5.0,-0.0,0.6153154373168945,13.062439083762797,35,-32,2,326,627,1488,740,39
-2,0,0,-2.0,-0.0,0.6233134269714355,11.066592756745816,35,-30,2,326,627,1488,740,39
-1,0,0,-1.0,-0.0,0.6312243938446045,10.068883707497267,35,-29,2,326,627,1488,740,39
-1,0,0,-1.0,-0.0,0.6712133884429932,9.071337695236398,35,-28,2,326,627,1488,740,39
-1,0,0,-1.0,-0.0,0.6952342987060547,8.073972741361768,35,-27,2,326,627,1488,740,39
-2,0,0,-2.0,-0.0,0.7032535076141357,6.079872407968907,35,-25,2,326,627,1488,740,39
-2,0,0,-2.0,-0.0,0.7112324237823486,4.086792761230392,35,-23,2,326,627,1488,740,39
-1,0,0,-1.0,-0.0,0.7271363735198975,3.0907220343745223,35,-22,2,326,627,1488,740,39
-1,0,0,-1.0,-0.0,0.7351994514465332,2.095023109728988,35,-21,2,326,627,1488,740,39
0,0,1,-0.0,-0.0,0.7651724815368652,2.095023109728988,35,-21,2,326,627,1488,740,39
-1,0,1,-1.0,-0.0,0.7703063488006592,1.09975124224178,35,-20,2,326,627,1488,740,39
0,0,0,-0.0,-0.0,0.07962417602539062,389.0807998376089,36,-244,312,102,937,346,625,15
1,0,0,1.0,-0.0,0.09566211700439453,389.6976178400874,36,-245,312,102,937,346,625,15
4,-1,0,4.0,-1.0,0.10363101959228516,392.96249824202266,36,-249,313,102,937,346,625,15
6,0,0,6.0,-0.0,0.11163616180419922,396.72515403427616,36,-255,313,102,937,346,625,15
8,-2,0,8.0,-2.0,0.11976909637451172,403.35837995586246,36,-263,315,102,937,346,625,15
11,-1,0,11.0,-1.0,0.12773704528808594,411.24872982473,36,-274,316,102,937,346,625,15
11,-2,0,11.0,-2.0,0.13571596145629883,420.0234185615585,36,-285,318,102,937,346,625,15
12,-2,0,12.0,-2.0,0.1437821388244629,429.5879063831246,36,-297,320,102,937,346,625,15
11,-1,0,11.0,-1.0,0.15166401863098145,437.86514810670434,36,-308,321,102,937,346,625,15
13,-2,0,13.0,-2.0,0.1596660614013672,448.3789630626342,36,-321,323,102,937,346,625,15
13,-3,0,13.0,-3.0,0.16770195960998535,459.72475828907983,36,-334,326,102,937,346,625,15
13,-2,0,13.0,-2.0,0.17564606666564941,470.48612545287637,36,-347,328,102,937,346,625,15
10,-3,0,10.0,-3.0,0.18362712860107422,479.83672827756124,36,-357,331,102,937,346,625,15
8,-1,0,8.0,-1.0,0.19178509712219238,486.405512737748,36,-365,332,102,937,346,625,15
4,-1,0,4.0,-1.0,0.19971203804016113,490.04124577342674,36,-369,333,102,937,346,625,15
2,-1,0,2.0,-1.0,0.20767998695373535,492.1963541533532,36,-371,334,102,937,346,625,15
-4,1,0,-4.0,1.0,0.25574517250061035,488.5582710438804,36,-367,333,102,937,346,625,15
-6,4,0,-6.0,4.0,0.2636740207672119,481.42809092025,36,-361,329,102,937,346,625,15
-9,6,0,-9.0,6.0,0.2717580795288086,470.73737555271936,36,-352,323,102,937,346,625,15
-12,10,0,-12.0,10.0,0.27967095375061035,455.1352615847442,36,-340,313,102,937,346,625,15
-14,11,0,-14.0,11.0,0.28769707679748535,437.3872185380673,36,-326,302,102,937,346,625,15
-14,12,0,-14.0,12.0,0.2958500385284424,418.9624396587098,36,-312,290,102,937,346,625,15
-16,13,0,-16.0,13.0,0.30373501777648926,398.3948692324559,36,-296,277,102,937,346,625,15
-16,14,0,-16.0,14.0,0.3116569519042969,377.14710723888055,36,-280,263,102,937,346,625,15
-16,15,0,-16.0,15.0,0.31972503662109375,355.2154055254967,36,-264,248,102,937,346,625,15
-16,15,0,-16.0,15.0,0.32773900032043457,333.2837051637942,36,-248,233,102,937,346,625,15
-17,16,0,-17.0,16.0,0.3358759880065918,309.9384798348096,36,-231,217,102,937,346,625,15
-16,16,0,-16.0,16.0,0.3437540531158447,287.3229518742974,36,-215,201,102,937,346,625,15
-14,14,0,-14.0,14.0,0.35166501998901367,267.5359721420856,36,-201,187,102,937,346,625,15
-10,11,0,-10.0,11.0,0.3598330020904541,252.72485441328098,36,-191,176,102,937,346,625,15
-8,9,0,-8.0,9.0,0.36780595779418945,240.7458375028731,36,-183,167,102,937,346,625,15
-5,7,0,-5.0,7.0,0.3755831718444824,232.3407612589214,36,-178,160,102,937,346,625,15
-5,6,0,-5.0,6.0,0.3837730884552002,224.6139028642279,36,-173,154,102,937,346,625,15
-4,5,0,-4.0,5.0,0.391618013381958,218.30423875284725,36,-169,149,102,937,346,625,15
-5,6,0,-5.0,6.0,0.39972496032714844,210.5890622251036,36,-164,143,102,937,346,625,15
-5,6,0,-5.0,6.0,0.4077150821685791,202.88091861815357,36,-159,137,102,937,346,625,15
-5,6,0,-5.0,6.0,0.4157750606536865,195.18061232472317,36,-154,131,102,937,346,625,15
-6,6,0,-6.0,6.0,0.4237070083618164,186.72403051764127,36,-148,125,102,937,346,625,15
-5,4,0,-5.0,4.0,0.4317030906677246,180.32325002519042,36,-143,121,102,937,346,625,15
-4,4,0,-4.0,4.0,0.43972015380859375,174.6865432551349,36,-139,117,102,937,346,625,15
-5,5,0,-5.0,5.0,0.44762301445007324,167.64249196572982,36,-134,112,102,937,346,625,15
-6,6,0,-6.0,6.0,0.45558714866638184,159.19265928433782,36,-128,106,102,937,346,625,15
-6,4,0,-6.0,4.0,0.46373915672302246,152.02201105507376,36,-122,102,102,937,346,625,15
-7,5,0,-7.0,5.0,0.47173118591308594,143.4460036026215,36,-115,97,102,937,346,625,15
-6,4,0,-6.0,4.0,0.47969818115234375,136.28293687665675,36,-109,93,102,937,346,625,15
-6,3,0,-6.0,3.0,0.48778510093688965,129.7808466123821,36,-103,90,102,937,346,625,15
-4,3,0,-4.0,3.0,0.4956700801849365,124.79529581893277,36,-99,87,102,937,346,625,15
-6,3,0,-6.0,3.0,0.5037341117858887,118.31959144523253,36,-93,84,102,937,346,625,15
-5,4,0,-5.0,4.0,0.511829137802124,111.92854997854805,36,-88,80,102,937,346,625,15
-6,3,0,-6.0,3.0,0.5196561813354492,105.48555462813881,36,-82,77,102,937,346,625,15
-5,3,0,-5.0,3.0,0.5277099609375,99.7941945987702,36,-77,74,102,937,346,625,15
-4,2,0,-4.0,2.0,0.5356190204620361,95.53292154230269,36,-73,72,102,937,346,625,15
-3,2,0,-3.0,2.0,0.5436370372772217,91.99494936611666,36,-70,70,102,937,346,625,15
-2,2,0,-2.0,2.0,0.5516829490661621,89.16652224137046,36,-68,68,102,937,346,625,15
-3,2,0,-3.0,2.0,0.5597331523895264,85.63368717696602,36,-65,66,102,937,346,625,15
-3,3,0,-3.0,3.0,0.5675890445709229,81.3911760301898,36,-62,63,102,937,346,625,15
-2,3,0,-2.0,3.0,0.5755760669708252,77.8528137423857,36,-60,60,102,937,346,625,15
-2,3,0,-2.0,3.0,0.5836989879608154,74.32035415564789,36,-58,57,102,937,346,625,15
-3,3,0,-3.0,3.0,0.5917370319366455,70.07788269017254,36,-55,54,102,937,346,625,15
-2,3,0,-2.0,3.0,0.5996551513671875,66.55270219373317,36,-53,51,102,937,346,625,15
-3,3,0,-3.0,3.0,0.6077020168304443,62.31089380465383,36,-50,48,102,937,346,625,15
-3,4,0,-3.0,4.0,0.6157660484313965,57.38167441127949,36,-47,44,102,937,346,625,15
-4,5,0,-4.0,5.0,0.6238160133361816,51.05170109479997,36,-43,39,102,937,346,625,15
-3,5,0,-3.0,5.0,0.6316661834716797,45.49761899362675,36,-40,34,102,937,346,625,15
-4,3,0,-4.0,3.0,0.6397249698638916,40.50789408087881,36,-36,31,102,937,346,625,15
-3,4,0,-3.0,4.0,0.6476640701293945,35.638011210655684,36,-33,27,102,937,346,625,15
-2,3,0,-2.0,3.0,0.6557180881500244,32.20459156782532,36,-31,24,102,937,346,625,15
-3,2,0,-3.0,2.0,0.6636960506439209,28.608987629529715,36,-28,22,102,937,346,625,15
-1,2,0,-1.0,2.0,0.6717300415039062,26.600595232822883,36,-27,20,102,937,346,625,15
-3,2,0,-3.0,2.0,0.679725170135498,23.0,36,-24,18,102,937,346,625,15
-1,2,0,-1.0,2.0,0.6883580684661865,21.0178514522438,36,-23,16,102,937,346,625,15
-3,3,0,-3.0,3.0,0.6957600116729736,16.853720883753127,36,-20,13,102,937,346,625,15
-2,3,0,-2.0,3.0,0.7037091255187988,13.591260281974002,36,-18,10,102,937,346,625,15
-3,2,0,-3.0,2.0,0.7117910385131836,10.0,36,-15,8,102,937,346,625,15
-1,2,0,-1.0,2.0,0.719886064529419,8.231546211727817,36,-14,6,102,937,346,625,15
-2,3,0,-2.0,3.0,0.7276990413665771,5.369316876852981,36,-12,3,102,937,346,625,15
-1,1,0,-1.0,1.0,0.735633134841919,4.180339887498949,36,-11,2,102,937,346,625,15
0,1,0,-0.0,1.0,0.7436859607696533,4.045361017187261,36,-11,1,102,937,346,625,15
-2,1,0,-2.0,1.0,0.7517499923706055,2.0,36,-9,0,102,937,346,625,15
-1,2,0,-1.0,2.0,0.7596981525421143,1.2462112512353212,36,-8,-2,102,937,346,625,15
-1,2,0,-1.0,2.0,0.7756991386413574,1.0622577482985491,36,-7,-4,102,937,346,625,15
-1,1,0,-1.0,1.0,0.7837259769439697,0.810249675906654,36,-6,-5,102,937,346,625,15
0,1,0,-0.0,1.0,0.7917540073394775,1.4852813742385695,36,-6,-6,102,937,346,625,15
-1,0,0,-1.0,-0.0,0.7995901107788086,0.810249675906654,36,-5,-6,102,937,346,625,15
0,1,0,-0.0,1.0,0.8076190948486328,1.6023252670426267,36,-5,-7,102,937,346,625,15
0,0,1,-0.0,-0.0,0.8577711582183838,1.6023252670426267,36,-5,-7,102,937,346,625,15
0,0,0,-0.0,-0.0,0.06743025779724121,583.7017107159668,37,361,-500,468,444,107,944,67
2,-1,0,2.0,-1.0,0.13453125953674316,581.721074960018,37,359,-499,468,444,107,944,67
2,-2,0,2.0,-2.0,0.14253735542297363,578.9297345284016,37,357,-497,468,444,107,944,67
2,-2,0,2.0,-2.0,0.15055632591247559,576.1387362497971,37,355,-495,468,444,107,944,67
2,-3,0,2.0,-3.0,0.15856432914733887,572.5353003748006,37,353,-492,468,444,107,944,67
4,-4,0,4.0,-4.0,0.1664443016052246,566.9541649159543,37,349,-488,468,444,107,944,67
5,-5,0,5.0,-5.0,0.17459821701049805,559.9797635670209,37,344,-483,468,444,107,944,67
6,-6,0,6.0,-6.0,0.1825871467590332,551.6135475679639,37,338,-477,468,444,107,944,67
7,-7,0,7.0,-7.0,0.1905052661895752,541.8573736154038,37,331,-470,468,444,107,944,67
9,-9,0,9.0,-9.0,0.1985323429107666,529.3210826565193,37,322,-461,468,444,107,944,67
11,-11,0,11.0,-11.0,0.20650124549865723,514.0109688114125,37,311,-450,468,444,107,944,67
14,-13,0,14.0,-13.0,0.21439218521118164,495.3729743277943,37,297,-437,468,444,107,944,67
14,-15,0,14.0,-15.0,0.22244024276733398,475.10727213847275,37,283,-422,468,444,107,944,67
17,-18,0,17.0,-18.0,0.23055815696716309,450.70652259402084,37,266,-404,468,444,107,944,67
16,-19,0,16.0,-19.0,0.23858118057250977,426.04792778096714,37,250,-385,468,444,107,944,67
15,-23,0,15.0,-23.0,0.2465362548828125,398.5889247883917,37,235,-362,468,444,107,944,67
16,-24,0,16.0,-24.0,0.2545661926269531,369.7468187335562,37,219,-338,468,444,107,944,67
18,-24,0,18.0,-24.0,0.262667179107666,339.8230143110803,37,201,-314,468,444,107,944,67
15,-22,0,15.0,-22.0,0.270524263381958,313.2080299473136,37,186,-292,468,444,107,944,67
14,-20,0,14.0,-20.0,0.27851414680480957,288.8198253681709,37,172,-272,468,444,107,944,67
11,-16,0,11.0,-16.0,0.28650927543640137,269.4185840850393,37,161,-256,468,444,107,944,67
9,-16,0,9.0,-16.0,0.29439830780029297,251.08449447303525,37,152,-240,468,444,107,944,67
6,-16,0,6.0,-16.0,0.30246925354003906,234.37987957211737,37,146,-224,468,444,107,944,67
5,-16,0,5.0,-16.0,0.3104541301727295,218.2866888635369,37,141,-208,468,444,107,944,67
4,-17,0,4.0,-17.0,0.3190891742706299,202.05318547086316,37,137,-191,468,444,107,944,67
4,-15,0,4.0,-15.0,0.32657718658447266,187.60145058453264,37,133,-176,468,444,107,944,67
3,-15,0,3.0,-15.0,0.33458423614501953,173.93235609734887,37,130,-161,468,444,107,944,67
4,-14,0,4.0,-14.0,0.34258222579956055,160.61043360315063,37,126,-147,468,444,107,944,67
2,-14,0,2.0,-14.0,0.35115718841552734,148.8378398463862,37,124,-133,468,444,107,944,67
3,-14,0,3.0,-14.0,0.3585822582244873,136.7115199389835,37,121,-119,468,444,107,944,67
2,-10,0,2.0,-10.0,0.36659717559814453,128.37533888422976,37,119,-109,468,444,107,944,67
3,-5,0,3.0,-5.0,0.3745152950286865,122.79473675320358,37,116,-104,468,444,107,944,67
4,-6,0,4.0,-6.0,0.38253331184387207,115.82204137828509,37,112,-98,468,444,107,944,67
4,-7,0,4.0,-7.0,0.39055323600769043,108.22676800097071,37,108,-91,468,444,107,944,67
3,-5,0,3.0,-5.0,0.3985562324523926,102.72398461583714,37,105,-86,468,444,107,944,67
4,-4,0,4.0,-4.0,0.40659332275390625,97.09611831257686,37,101,-82,468,444,107,944,67
2,-4,0,2.0,-4.0,0.41446614265441895,93.03570922560003,37,99,-78,468,444,107,944,67
3,-3,0,3.0,-3.0,0.4225583076477051,88.82364302548172,37,96,-75,468,444,107,944,67
2,-2,0,2.0,-2.0,0.43059229850769043,86.01680553602503,37,94,-73,468,444,107,944,67
3,-3,0,3.0,-3.0,0.4385232925415039,81.80853626799707,37,91,-70,468,444,107,944,67
3,-4,0,3.0,-4.0,0.44652533531188965,77.0,37,88,-66,468,444,107,944,67
4,-4,0,4.0,-4.0,0.45456433296203613,71.4030650891055,37,84,-62,468,444,107,944,67
4,-4,0,4.0,-4.0,0.46256232261657715,65.812954616285,37,80,-58,468,444,107,944,67
5,-4,0,5.0,-4.0,0.4705042839050293,59.41753080449618,37,75,-54,468,444,107,944,67
4,-4,0,4.0,-4.0,0.4785652160644531,53.838931361457924,37,71,-50,468,444,107,944,67
3,-2,0,3.0,-2.0,0.48660922050476074,50.23460818673925,37,68,-48,468,444,107,944,67
2,-3,0,2.0,-3.0,0.4945793151855469,46.881161734166085,37,66,-45,468,444,107,944,67
2,-2,0,2.0,-2.0,0.502448320388794,44.10382610480494,37,64,-43,468,444,107,944,67
1,-2,0,1.0,-2.0,0.5104002952575684,42.166481891864535,37,63,-41,468,444,107,944,67
1,-1,0,1.0,-1.0,0.5184752941131592,40.78346698278686,37,62,-40,468,444,107,944,67
2,-2,0,2.0,-2.0,0.5265662670135498,38.02112361825881,37,60,-38,468,444,107,944,67
3,-2,0,3.0,-2.0,0.5345041751861572,34.4166151627327,37,57,-36,468,444,107,944,67
2,-2,0,2.0,-2.0,0.5425252914428711,31.660652641308843,37,55,-34,468,444,107,944,67
3,-1,0,3.0,-1.0,0.5505361557006836,28.587336360651285,37,52,-33,468,444,107,944,67
0,-1,0,-0.0,-1.0,0.5584492683410645,28.05735008989499,37,52,-32,468,444,107,944,67
0,0,1,-0.0,-0.0,0.5834202766418457,28.05735008989499,37,52,-32,468,444,107,944,67
0,0,0,-0.0,-0.0,0.08000874519348145,1440.24412548304,38,1417,-318,1833,158,416,476,25
1,0,0,1.0,-0.0,0.21207475662231445,1439.2684107359328,38,1416,-318,1833,158,416,476,25
4,-2,0,4.0,-2.0,0.21997475624084473,1434.927779814874,38,1412,-316,1833,158,416,476,25
6,-2,0,6.0,-2.0,0.22799372673034668,1428.6359706740632,38,1406,-314,1833,158,416,476,25
9,-3,0,9.0,-3.0,0.23598575592041016,1419.1987982107867,38,1397,-311,1833,158,416,476,25
11,-2,0,11.0,-2.0,0.2440807819366455,1408.0271124172243,38,1386,-309,1833,158,416,476,25
13,-4,0,13.0,-4.0,0.2520558834075928,1394.4686274496137,38,1373,-305,1833,158,416,476,25
18,-3,0,18.0,-3.0,0.2601337432861328,1376.2467359947223,38,1355,-302,1833,158,416,476,25
25,-4,0,25.0,-4.0,0.2679557800292969,1350.9761553306794,38,1330,-298,1833,158,416,476,25
32,-7,0,32.0,-7.0,0.2759568691253662,1318.2199066319824,38,1298,-291,1833,158,416,476,25
37,-8,0,37.0,-8.0,0.2839949131011963,1280.3660472172735,38,1261,-283,1833,158,416,476,25
43,-11,0,43.0,-11.0,0.29210472106933594,1236.0016025630737,38,1218,-272,1833,158,416,476,25
46,-9,0,46.0,-9.0,0.3001577854156494,1189.1465356067094,38,1172,-263,1833,158,416,476,25
47,-10,0,47.0,-10.0,0.30797672271728516,1141.0975674243703,38,1125,-253,1833,158,416,476,25
42,-8,0,42.0,-8.0,0.31618595123291016,1098.3666061261029,38,1083,-245,1833,158,416,476,25
42,-9,0,42.0,-9.0,0.35240674018859863,1055.4160388527052,38,1041,-236,1833,158,416,476,25
41,-10,0,41.0,-10.0,0.3572709560394287,1013.2199763953099,38,1000,-226,1833,158,416,476,25
42,-11,0,42.0,-11.0,0.35732293128967285,969.8294149189054,38,958,-215,1833,158,416,476,25
42,-13,0,42.0,-13.0,0.357393741607666,926.0085287458745,38,916,-202,1833,158,416,476,25
42,-15,0,42.0,-15.0,0.3574409484863281,881.7812931584549,38,874,-187,1833,158,416,476,25
42,-16,0,42.0,-16.0,0.37504076957702637,837.3909582753986,38,832,-171,1833,158,416,476,25
39,-15,0,39.0,-15.0,0.3818328380584717,796.1986142032167,38,793,-156,1833,158,416,476,25
35,-13,0,35.0,-13.0,0.38585376739501953,759.3708576294543,38,758,-143,1833,158,416,476,25
32,-10,0,32.0,-10.0,0.3880138397216797,726.0819737671419,38,726,-133,1833,158,416,476,25
26,-9,0,26.0,-9.0,0.39610791206359863,698.8980236292686,38,700,-124,1833,158,416,476,25
25,-9,0,25.0,-9.0,0.403944730758667,672.7262226612911,38,675,-115,1833,158,416,476,25
22,-8,0,22.0,-8.0,0.41196393966674805,649.7083949898173,38,653,-107,1833,158,416,476,25
22,-7,0,22.0,-7.0,0.42000675201416016,626.8747921150122,38,631,-100,1833,158,416,476,25
21,-7,0,21.0,-7.0,0.42794084548950195,605.0486204506092,38,610,-93,1833,158,416,476,25
20,-7,0,20.0,-7.0,0.43593883514404297,584.2348530570819,38,590,-86,1833,158,416,476,25
21,-4,0,21.0,-4.0,0.4439408779144287,562.8782479795178,38,569,-82,1833,158,416,476,25
17,-3,0,17.0,-3.0,0.45192885398864746,545.624425576929,38,552,-79,1833,158,416,476,25
14,0,0,14.0,-0.0,0.460040807723999,531.7692525327265,38,538,-79,1833,158,416,476,25
14,0,0,14.0,-0.0,0.4680509567260742,517.9216923282156,38,524,-79,1833,158,416,476,25
12,0,0,12.0,-0.0,0.47601795196533203,506.05887696284094,38,512,-79,1833,158,416,476,25
13,0,0,13.0,-0.0,0.4840419292449951,493.21480580046347,38,499,-79,1833,158,416,476,25
13,0,0,13.0,-0.0,0.4920508861541748,480.37891912631676,38,486,-79,1833,158,416,476,25
13,1,0,13.0,1.0,0.49994993209838867,467.7176252755364,38,473,-80,1833,158,416,476,25
13,1,0,13.0,1.0,0.507976770401001,455.07708143303284,38,460,-81,1833,158,416,476,25
13,1,0,13.0,1.0,0.5180199146270752,442.45901905452376,38,447,-82,1833,158,416,476,25
14,1,0,14.0,1.0,0.5240497589111328,428.883204488445,38,433,-83,1833,158,416,476,25
13,0,0,13.0,-0.0,0.5320868492126465,416.1226459789297,38,420,-83,1833,158,416,476,25
13,0,0,13.0,-0.0,0.5401089191436768,403.3769372509745,38,407,-83,1833,158,416,476,25
12,0,0,12.0,-0.0,0.5480718612670898,391.62606456967075,38,395,-83,1833,158,416,476,25
14,0,0,14.0,-0.0,0.5559568405151367,377.9358921669048,38,381,-83,1833,158,416,476,25
17,0,0,17.0,-0.0,0.5640738010406494,361.34300582708124,38,364,-83,1833,158,416,476,25
18,-2,0,18.0,-2.0,0.5719637870788574,343.3547523250533,38,346,-81,1833,158,416,476,25
18,-2,0,18.0,-2.0,0.5799179077148438,325.37960815674677,38,328,-79,1833,158,416,476,25
18,-2,0,18.0,-2.0,0.5880377292633057,307.41978648793815,38,310,-77,1833,158,416,476,25
17,-2,0,17.0,-2.0,0.5961499214172363,290.44668951734286,38,293,-75,1833,158,416,476,25
16,-2,0,16.0,-2.0,0.6046838760375977,274.457675756821,38,277,-73,1833,158,416,476,25
12,-2,0,12.0,-2.0,0.6119687557220459,262.346496241523,38,265,-71,1833,158,416,476,25
11,-1,0,11.0,-1.0,0.6200459003448486,251.46916328101855,38,254,-70,1833,158,416,476,25
7,-1,0,7.0,-1.0,0.6280868053436279,244.45662401271682,38,247,-69,1833,158,416,476,25
4,-1,0,4.0,-1.0,0.6359667778015137,240.33509466580347,38,243,-68,1833,158,416,476,25
0,1,0,-0.0,1.0,0.7080347537994385,240.6064132202506,38,243,-69,1833,158,416,476,25
-2,3,0,-2.0,3.0,0.7160348892211914,243.3605294480727,38,245,-72,1833,158,416,476,25
-4,6,0,-4.0,6.0,0.7240269184112549,248.93102536877444,38,249,-78,1833,158,416,476,25
-4,6,0,-4.0,6.0,0.7319998741149902,254.58019431308094,38,253,-84,1833,158,416,476,25
-6,5,0,-6.0,5.0,0.740257740020752,261.86493021195685,38,259,-89,1833,158,416,476,25
-5,6,0,-5.0,6.0,0.7479398250579834,268.5726287434325,38,264,-95,1833,158,416,476,25
-7,6,0,-7.0,6.0,0.7559568881988525,277.20926679482454,38,271,-101,1833,158,416,476,25
-7,7,0,-7.0,7.0,0.764009952545166,286.24151287169934,38,278,-108,1833,158,416,476,25
-9,9,0,-9.0,9.0,0.7719628810882568,297.932250661334,38,287,-117,1833,158,416,476,25
-9,7,0,-9.0,7.0,0.7799849510192871,308.92366693654736,38,296,-124,1833,158,416,476,25
-8,6,0,-8.0,6.0,0.7879347801208496,318.6297022349928,38,304,-130,1833,158,416,476,25
-8,6,0,-8.0,6.0,0.7961199283599854,328.3527581789224,38,312,-136,1833,158,416,476,25
-8,5,0,-8.0,5.0,0.8042738437652588,337.6870029040256,38,320,-141,1833,158,416,476,25
-7,4,0,-7.0,4.0,0.8121168613433838,345.7065836687941,38,327,-145,1833,158,416,476,25
-6,3,0,-6.0,3.0,0.8199717998504639,352.4077386664559,38,333,-148,1833,158,416,476,25
-4,2,0,-4.0,2.0,0.8279318809509277,356.8753176887822,38,337,-150,1833,158,416,476,25
-3,1,0,-3.0,1.0,0.8359477519989014,360.02284876066415,38,340,-151,1833,158,416,476,25
-3,1,0,-3.0,1.0,0.8439528942108154,363.17062784818324,38,343,-152,1833,158,416,476,25
-2,1,0,-2.0,1.0,0.8520269393920898,365.4042925034107,38,345,-153,1833,158,416,476,25
-2,0,0,-2.0,-0.0,0.8599717617034912,367.23343734433547,38,347,-153,1833,158,416,476,25
-2,1,0,-2.0,1.0,0.867987871170044,369.46690551081883,38,349,-154,1833,158,416,476,25
-2,0,0,-2.0,-0.0,0.8761107921600342,371.2975345602943,38,351,-154,1833,158,416,476,25
-5,2,0,-5.0,2.0,0.8841278553009033,376.6798168158465,38,356,-156,1833,158,416,476,25
-9,2,0,-9.0,2.0,0.8921718597412109,385.72980778412875,38,365,-158,1833,158,416,476,25
-10,4,0,-10.0,4.0,0.8999557495117188,396.49602201245483,38,375,-162,1833,158,416,476,25
-12,5,0,-12.0,5.0,0.9080169200897217,409.49495845146237,38,387,-167,1833,158,416,476,25
-13,7,0,-13.0,7.0,0.9161808490753174,424.20637317673385,38,400,-174,1833,158,416,476,25
-16,7,0,-16.0,7.0,0.9239797592163086,441.6705853369821,38,416,-181,1833,158,416,476,25
-16,8,0,-16.0,8.0,0.9319329261779785,459.53472830747046,38,432,-189,1833,158,416,476,25
-17,9,0,-17.0,9.0,0.9399428367614746,478.71886044862794,38,449,-198,1833,158,416,476,25
-17,7,0,-17.0,7.0,0.9481768608093262,497.09822235006874,38,466,-205,1833,158,416,476,25
-18,9,0,-18.0,9.0,0.9561567306518555,517.1993953133356,38,484,-214,1833,158,416,476,25
-16,6,0,-16.0,6.0,0.9640059471130371,534.2600113499066,38,500,-220,1833,158,416,476,25
-16,7,0,-16.0,7.0,0.9733269214630127,551.7242233574854,38,516,-227,1833,158,416,476,25
-17,7,0,-17.0,7.0,0.9799208641052246,570.1039426081909,38,533,-234,1833,158,416,476,25
-17,8,0,-17.0,8.0,0.987994909286499,588.8860124848972,38,550,-242,1833,158,416,476,25
-20,9,0,-20.0,9.0,0.9959418773651123,610.8169875653682,38,570,-251,1833,158,416,476,25
-20,11,0,-20.0,11.0,1.0039467811584473,633.5571237311226,38,590,-262,1833,158,416,476,25
-25,12,0,-25.0,12.0,1.0119507312774658,661.2763177180674,38,615,-274,1833,158,416,476,25
-26,12,0,-26.0,12.0,1.0199239253997803,689.9095383309732,38,641,-286,1833,158,416,476,25
-27,12,0,-27.0,12.0,1.0279319286346436,719.4560820719176,38,668,-298,1833,158,416,476,25
-26,13,0,-26.0,13.0,1.035918951034546,748.4978632448615,38,694,-311,1833,158,416,476,25
-24,13,0,-24.0,13.0,1.0439338684082031,775.7182237323192,38,718,-324,1833,158,416,476,25
-21,11,0,-21.0,11.0,1.0519678592681885,799.3852352612784,38,739,-335,1833,158,416,476,25
-17,10,0,-17.0,10.0,1.0599329471588135,819.0,38,756,-345,1833,158,416,476,25
-15,8,0,-15.0,8.0,1.0680599212646484,835.9681597795993,38,771,-353,1833,158,416,476,25
-12,7,0,-12.0,7.0,1.076016902923584,849.794058925913,38,783,-360,1833,158,416,476,25
-11,5,0,-11.0,5.0,1.084230899810791,861.876993632399,38,794,-365,1833,158,416,476,25
-9,5,0,-9.0,5.0,1.0919358730316162,872.1430879671005,38,803,-370,1833,158,416,476,25
-8,4,0,-8.0,4.0,1.0999479293823242,881.0828628968311,38,811,-374,1833,158,416,476,25
-7,4,0,-7.0,4.0,1.1079518795013428,889.1148650421876,38,818,-378,1833,158,416,476,25
-9,5,0,-9.0,5.0,1.1159379482269287,899.3824663663439,38,827,-383,1833,158,416,476,25
-10,6,0,-10.0,6.0,1.1239607334136963,910.9788729976434,38,837,-389,1833,158,416,476,25
-10,6,0,-10.0,6.0,1.1319737434387207,922.5769096227448,38,847,-395,1833,158,416,476,25
-10,5,0,-10.0,5.0,1.1400048732757568,933.7531390378781,38,857,-400,1833,158,416,476,25
-9,6,0,-9.0,6.0,1.1479809284210205,944.4475939642485,38,866,-406,1833,158,416,476,25
-7,4,0,-7.0,4.0,1.1559817790985107,952.4837997602656,38,873,-410,1833,158,416,476,25
-6,3,0,-6.0,3.0,1.1639678478240967,959.1899917111996,38,879,-413,1833,158,416,476,25
-7,5,0,-7.0,5.0,1.171940803527832,967.6529997912526,38,886,-418,1833,158,416,476,25
-12,6,0,-12.0,6.0,1.1799468994140625,981.0659595414596,38,898,-424,1833,158,416,476,25
-13,6,0,-13.0,6.0,1.1879427433013916,995.3832438550882,38,911,-430,1833,158,416,476,25
-13,7,0,-13.0,7.0,1.1959288120269775,1010.1276828263678,38,924,-437,1833,158,416,476,25
-14,8,0,-14.0,8.0,1.2084908485412598,1026.204700432434,38,938,-445,1833,158,416,476,25
-16,8,0,-16.0,8.0,1.2119348049163818,1044.089484844916,38,954,-453,1833,158,416,476,25
-15,8,0,-15.0,8.0,1.219949722290039,1061.071293064911,38,969,-461,1833,158,416,476,25
-16,8,0,-16.0,8.0,1.2279338836669922,1078.9564610927423,38,985,-469,1833,158,416,476,25
-15,8,0,-15.0,8.0,1.2359528541564941,1095.9390777475087,38,1000,-477,1833,158,416,476,25
-15,8,0,-15.0,8.0,1.2439367771148682,1112.9222195334219,38,1015,-485,1833,158,416,476,25
-14,8,0,-14.0,8.0,1.2519378662109375,1129.0039439020359,38,1029,-493,1833,158,416,476,25
-13,8,0,-13.0,8.0,1.259929895401001,1144.1855387436742,38,1042,-501,1833,158,416,476,25
-11,8,0,-11.0,8.0,1.2679369449615479,1157.568296423941,38,1053,-509,1833,158,416,476,25
-11,8,0,-11.0,8.0,1.279221773147583,1170.956043139389,38,1064,-517,1833,158,416,476,25
-10,8,0,-10.0,8.0,1.2839548587799072,1183.4501244301243,38,1074,-525,1833,158,416,476,25
-10,9,0,-10.0,9.0,1.2940008640289307,1196.3923203992981,38,1084,-534,1833,158,416,476,25
-12,10,0,-12.0,10.0,1.3001527786254883,1211.5816278450736,38,1096,-544,1833,158,416,476,25
-13,11,0,-13.0,11.0,1.307992935180664,1228.1233809585237,38,1109,-555,1833,158,416,476,25
-14,16,0,-14.0,16.0,1.315943956375122,1247.8293535237224,38,1123,-571,1833,158,416,476,25
-15,19,0,-15.0,19.0,1.323983907699585,1269.851785504081,38,1138,-590,1833,158,416,476,25
-14,19,0,-14.0,19.0,1.3319487571716309,1291.0675347041688,38,1152,-609,1833,158,416,476,25
-12,19,0,-12.0,19.0,1.339925765991211,1310.603493115,38,1164,-628,1833,158,416,476,25
-12,18,0,-12.0,18.0,1.3479409217834473,1329.7496040618012,38,1176,-646,1833,158,416,476,25
-10,17,0,-10.0,17.0,1.3615639209747314,1346.736545471564,38,1186,-663,1833,158,416,476,25
-9,16,0,-9.0,16.0,1.3653569221496582,1362.4329739932755,38,1195,-679,1833,158,416,476,25
-9,15,0,-9.0,15.0,1.3720908164978027,1377.6949305513062,38,1204,-694,1833,158,416,476,25
-7,14,0,-7.0,14.0,1.3799948692321777,1390.777601760165,38,1211,-708,1833,158,416,476,25
-6,14,0,-6.0,14.0,1.3879427909851074,1403.0522958534077,38,1217,-722,1833,158,416,476,25
-4,13,0,-4.0,13.0,1.396056890487671,1413.1547284417927,38,1221,-735,1833,158,416,476,25
-1,11,0,-1.0,11.0,1.4039459228515625,1419.7122615944868,38,1222,-746,1833,158,416,476,25
-1,10,0,-1.0,10.0,1.411935806274414,1425.7986646258926,38,1223,-756,1833,158,416,476,25
0,8,0,-0.0,8.0,1.4199118614196777,1430.0211510237982,38,1223,-764,1833,158,416,476,25
0,6,0,-0.0,6.0,1.4279358386993408,1433.2089814279457,38,1223,-770,1833,158,416,476,25
0,3,0,-0.0,3.0,1.4359657764434814,1434.8095935540377,38,1223,-773,1833,158,416,476,25
0,2,0,-0.0,2.0,1.4439349174499512,1435.8791386023904,38,1223,-775,1833,158,416,476,25
0,2,0,-0.0,2.0,1.4519538879394531,1436.9506547843512,38,1223,-777,1833,158,416,476,25
0,2,0,-0.0,2.0,1.459906816482544,1438.0241377301277,38,1223,-779,1833,158,416,476,25
0,2,0,-0.0,2.0,1.46791672706604,1439.0995830748489,38,1223,-781,1833,158,416,476,25
0,2,0,-0.0,2.0,1.4759397506713867,1440.1769864586065,38,1223,-783,1833,158,416,476,25
4,0,0,4.0,-0.0,1.4839277267456055,1436.8098563993826,38,1219,-783,1833,158,416,476,25
5,-1,0,5.0,-1.0,1.4919989109039307,1432.0637105058765,38,1214,-782,1833,158,416,476,25
2,-7,0,2.0,-7.0,1.6440768241882324,1426.5996663422386,38,1212,-775,1833,158,416,476,25
1,-1,0,1.0,-1.0,1.6521978378295898,1425.218494175468,38,1211,-774,1833,158,416,476,25
4,-6,0,4.0,-6.0,1.6599657535552979,1418.6197957528757,38,1207,-768,1833,158,416,476,25
6,-10,0,6.0,-10.0,1.6679909229278564,1408.198929727804,38,1201,-758,1833,158,416,476,25
5,-9,0,5.0,-9.0,1.6760609149932861,1399.1757509254473,38,1196,-749,1833,158,416,476,25
4,-8,0,4.0,-8.0,1.6840479373931885,1391.5472916863187,38,1192,-741,1833,158,416,476,25
4,-7,0,4.0,-7.0,1.6920769214630127,1384.4598096615598,38,1188,-734,1833,158,416,476,25
4,-7,0,4.0,-7.0,1.7000489234924316,1377.382956567411,38,1184,-727,1833,158,416,476,25
7,-7,0,7.0,-7.0,1.7080318927764893,1367.7568626392115,38,1177,-720,1833,158,416,476,25
12,-8,0,12.0,-8.0,1.7160649299621582,1353.3457437587008,38,1165,-712,1833,158,416,476,25
16,-11,0,16.0,-11.0,1.7240428924560547,1333.9576516369302,38,1149,-701,1833,158,416,476,25
19,-11,0,19.0,-11.0,1.7320647239685059,1312.009063413087,38,1130,-690,1833,158,416,476,25
22,-15,0,22.0,-15.0,1.7400047779083252,1285.416278609144,38,1108,-675,1833,158,416,476,25
22,-13,0,22.0,-13.0,1.7479548454284668,1259.8647726861532,38,1086,-662,1833,158,416,476,25
21,-12,0,21.0,-12.0,1.7560248374938965,1235.6878616064196,38,1065,-650,1833,158,416,476,25
17,-12,0,17.0,-12.0,1.7640128135681152,1214.926240651817,38,1048,-638,1833,158,416,476,25
15,-10,0,15.0,-10.0,1.772096872329712,1196.9139754341497,38,1033,-628,1833,158,416,476,25
12,-9,0,12.0,-9.0,1.7801077365875244,1181.9857620591629,38,1021,-619,1833,158,416,476,25
9,-10,0,9.0,-10.0,1.7880277633666992,1169.1117643982723,38,1012,-609,1833,158,416,476,25
8,-11,0,8.0,-11.0,1.7960388660430908,1156.597449937317,38,1004,-598,1833,158,416,476,25
7,-12,0,7.0,-12.0,1.8040399551391602,1144.4622778110836,38,997,-586,1833,158,416,476,25
6,-12,0,6.0,-12.0,1.8120198249816895,1133.2322908475817,38,991,-574,1833,158,416,476,25
6,-11,0,6.0,-11.0,1.8199927806854248,1122.545724067567,38,985,-563,1833,158,416,476,25
7,-11,0,7.0,-11.0,1.8279869556427002,1111.0262686152982,38,978,-552,1833,158,416,476,25
7,-9,0,7.0,-9.0,1.8359978199005127,1100.5151684359184,38,971,-543,1833,158,416,476,25
7,-9,0,7.0,-9.0,1.844031810760498,1090.0217783691935,38,964,-534,1833,158,416,476,25
8,-11,0,8.0,-11.0,1.8520019054412842,1077.7086766654654,38,956,-523,1833,158,416,476,25
8,-9,0,8.0,-9.0,1.8600678443908691,1066.3784122468328,38,948,-514,1833,158,416,476,25
7,-9,0,7.0,-9.0,1.8680458068847656,1055.94475512547,38,941,-505,1833,158,416,476,25
7,-11,0,7.0,-11.0,1.8760159015655518,1044.594529609159,38,934,-494,1833,158,416,476,25
6,-10,0,6.0,-10.0,1.8841447830200195,1034.632695839376,38,928,-484,1833,158,416,476,25
7,-10,0,7.0,-10.0,1.8921098709106445,1023.8170687915892,38,921,-474,1833,158,416,476,25
6,-10,0,6.0,-10.0,1.9000968933105469,1013.9244611568631,38,915,-464,1833,158,416,476,25
6,-8,0,6.0,-8.0,1.9080288410186768,1004.9646011538455,38,909,-456,1833,158,416,476,25
6,-7,0,6.0,-7.0,1.9160857200622559,996.4691368604198,38,903,-449,1833,158,416,476,25
7,-7,0,7.0,-7.0,1.9240357875823975,987.0895855727854,38,896,-442,1833,158,416,476,25
7,-7,0,7.0,-7.0,1.9323418140411377,977.7201624701803,38,889,-435,1833,158,416,476,25
7,-7,0,7.0,-7.0,1.9404358863830566,968.3611579412966,38,882,-428,1833,158,416,476,25
8,-6,0,8.0,-6.0,1.94797682762146,958.5462379505677,38,874,-422,1833,158,416,476,25
9,-6,0,9.0,-6.0,1.955946922302246,947.8338397868664,38,865,-416,1833,158,416,476,25
10,-8,0,10.0,-8.0,1.9639718532562256,935.3589604790784,38,855,-408,1833,158,416,476,25
11,-6,0,11.0,-6.0,1.972031831741333,922.8475811596242,38,844,-402,1833,158,416,476,25
11,-8,0,11.0,-8.0,1.9800138473510742,909.4797881668377,38,833,-394,1833,158,416,476,25
11,-7,0,11.0,-7.0,1.9880518913269043,896.5444402999779,38,822,-387,1833,158,416,476,25
11,-8,0,11.0,-8.0,1.9961137771606445,883.1882483589694,38,811,-379,1833,158,416,476,25
9,-7,0,9.0,-7.0,2.0040669441223145,872.0746574809166,38,802,-372,1833,158,416,476,25
10,-7,0,10.0,-7.0,2.0121798515319824,860.0602043437138,38,792,-365,1833,158,416,476,25
8,-6,0,8.0,-6.0,2.020200729370117,850.2859154595998,38,784,-359,1833,158,416,476,25
5,-4,0,5.0,-4.0,2.028071880340576,844.075931211712,38,779,-355,1833,158,416,476,25
4,-4,0,4.0,-4.0,2.0361368656158447,838.7796424456806,38,775,-351,1833,158,416,476,25
1,-1,0,1.0,-1.0,2.044210910797119,837.4562966980703,38,774,-350,1833,158,416,476,25
0,-1,0,-0.0,-1.0,2.051919937133789,837.0447573597048,38,774,-349,1833,158,416,476,25
-1,0,0,-1.0,-0.0,2.307917833328247,837.9564694735843,38,775,-349,1833,158,416,476,25
-2,0,0,-2.0,-0.0,2.323955774307251,839.7804881540784,38,777,-349,1833,158,416,476,25
-1,0,0,-1.0,-0.0,2.331925868988037,840.6927934490827,38,778,-349,1833,158,416,476,25
-1,0,0,-1.0,-0.0,2.3399078845977783,841.6052952038197,38,779,-349,1833,158,416,476,25
1,0,0,1.0,-0.0,2.4199929237365723,840.6927934490827,38,778,-349,1833,158,416,476,25
2,0,0,2.0,-0.0,2.4279868602752686,838.8683799507419,38,776,-349,1833,158,416,476,25
3,1,0,3.0,1.0,2.436046838760376,836.5452256656683,38,773,-350,1833,158,416,476,25
6,1,0,6.0,1.0,2.4440667629241943,831.4986662704334,38,767,-351,1833,158,416,476,25
4,1,0,4.0,1.0,2.4520819187164307,828.2815004508906,38,763,-352,1833,158,416,476,25
3,3,0,3.0,3.0,2.4599757194519043,826.8235809751654,38,760,-355,1833,158,416,476,25
0,4,0,-0.0,4.0,2.4680087566375732,828.5242411733287,38,760,-359,1833,158,416,476,25
0,2,0,-0.0,2.0,2.4760079383850098,829.3804133684121,38,760,-361,1833,158,416,476,25
0,-1,0,-0.0,-1.0,3.2840187549591064,828.9518416651455,38,760,-360,1833,158,416,476,25
0,-2,0,-0.0,-2.0,3.29997181892395,828.0976133759696,38,760,-358,1833,158,416,476,25
1,-1,0,1.0,-1.0,3.3079779148101807,826.7669521386737,38,759,-357,1833,158,416,476,25
0,-1,0,-0.0,-1.0,3.31607985496521,826.3418157291213,38,759,-356,1833,158,416,476,25
0,-1,0,-0.0,-1.0,3.324096918106079,825.9176570522906,38,759,-355,1833,158,416,476,25
1,-2,0,1.0,-2.0,3.332105875015259,824.1656534443399,38,758,-353,1833,158,416,476,25
0,-1,0,-0.0,-1.0,3.3401148319244385,823.7439799364396,38,758,-352,1833,158,416,476,25
0,-1,0,-0.0,-1.0,3.3479318618774414,823.3232907084538,38,758,-351,1833,158,416,476,25
1,-2,0,1.0,-2.0,3.355923891067505,821.57663115037,38,757,-349,1833,158,416,476,25
0,-1,0,-0.0,-1.0,3.3641958236694336,821.158448315805,38,757,-348,1833,158,416,476,25
1,-2,0,1.0,-2.0,3.371983766555786,819.4156601844832,38,756,-346,1833,158,416,476,25
1,0,0,1.0,-0.0,3.3881497383117676,818.5064719795987,38,755,-346,1833,158,416,476,25
1,0,0,1.0,-0.0,3.396099805831909,817.5974927638101,38,754,-346,1833,158,416,476,25
0,1,0,-0.0,1.0,3.4760308265686035,818.0150601043333,38,754,-347,1833,158,416,476,25
0,-1,0,-0.0,-1.0,4.0199549198150635,817.5974927638101,38,754,-346,1833,158,416,476,25
1,0,0,1.0,-0.0,5.540377855300903,816.6887232248307,38,753,-346,1833,158,416,476,25
1,0,0,1.0,-0.0,5.548083782196045,815.7801640532346,38,752,-346,1833,158,416,476,25
1,0,0,1.0,-0.0,5.556006908416748,814.8718159424712,38,751,-346,1833,158,416,476,25
1,0,0,1.0,-0.0,5.564219951629639,813.9636795888788,38,750,-346,1833,158,416,476,25
1,1,0,1.0,1.0,5.57207179069519,813.4756204758563,38,749,-347,1833,158,416,476,25
1,0,0,1.0,-0.0,5.580193758010864,812.5683719377066,38,748,-347,1833,158,416,476,25
1,0,0,1.0,-0.0,5.588079929351807,811.6613381724311,38,747,-347,1833,158,416,476,25
1,0,0,1.0,-0.0,5.620083808898926,810.7545198903498,38,746,-347,1833,158,416,476,25
2,0,0,2.0,-0.0,5.628171920776367,808.9415326318921,38,744,-347,1833,158,416,476,25
3,1,0,3.0,1.0,5.636075735092163,806.6482761235133,38,741,-348,1833,158,416,476,25
4,0,0,4.0,-0.0,5.644068956375122,803.0294473207701,38,737,-348,1833,158,416,476,25
7,0,0,7.0,-0.0,5.652069807052612,796.7051378592818,38,730,-348,1833,158,416,476,25
6,-1,0,6.0,-1.0,5.660078763961792,790.8605109232861,38,724,-347,1833,158,416,476,25
6,-3,0,6.0,-3.0,5.668173789978027,784.1532515791165,38,718,-344,1833,158,416,476,25
9,-4,0,9.0,-4.0,5.675957918167114,774.3084636451524,38,709,-340,1833,158,416,476,25
13,-7,0,13.0,-7.0,5.684087753295898,759.5601078334727,38,696,-333,1833,158,416,476,25
23,-7,0,23.0,-7.0,5.692004919052124,735.8001069804684,38,673,-326,1833,158,416,476,25
28,-8,0,28.0,-8.0,5.700135946273804,707.1307252509797,38,645,-318,1833,158,416,476,25
29,-9,0,29.0,-9.0,5.708004951477051,677.1567310851719,38,616,-309,1833,158,416,476,25
25,-8,0,25.0,-8.0,5.716095924377441,651.236006260215,38,591,-301,1833,158,416,476,25
20,-6,0,20.0,-6.0,5.724088907241821,630.7021082896804,38,571,-295,1833,158,416,476,25
18,-6,0,18.0,-6.0,5.7321999073028564,611.9631399369678,38,553,-289,1833,158,416,476,25
19,-7,0,19.0,-7.0,5.740165948867798,591.8874067241343,38,534,-282,1833,158,416,476,25
18,-7,0,18.0,-7.0,5.748090744018555,572.705908983311,38,516,-275,1833,158,416,476,25
19,-8,0,19.0,-8.0,5.756012916564941,552.1790495933006,38,497,-267,1833,158,416,476,25
18,-9,0,18.0,-9.0,5.764089822769165,532.063415421401,38,479,-258,1833,158,416,476,25
17,-10,0,17.0,-10.0,5.772021770477295,512.3548416864289,38,462,-248,1833,158,416,476,25
16,-9,0,16.0,-9.0,5.780101776123047,494.00098814132764,38,446,-239,1833,158,416,476,25
15,-9,0,15.0,-9.0,5.7880778312683105,476.5294259305165,38,431,-230,1833,158,416,476,25
13,-9,0,13.0,-9.0,5.796111822128296,460.826606696366,38,418,-221,1833,158,416,476,25
14,-9,0,14.0,-9.0,5.804070949554443,444.24554792348385,38,404,-212,1833,158,416,476,25
15,-10,0,15.0,-10.0,5.8123619556427,426.32065887886233,38,389,-202,1833,158,416,476,25
15,-10,0,15.0,-10.0,5.8199968338012695,408.4045670541651,38,374,-192,1833,158,416,476,25
16,-9,0,16.0,-9.0,5.828088760375977,390.06094065452316,38,358,-183,1833,158,416,476,25
16,-8,0,16.0,-8.0,5.835976839065552,372.1731380510615,38,342,-175,1833,158,416,476,25
15,-7,0,15.0,-7.0,5.84406590461731,355.63160908714036,38,327,-168,1833,158,416,476,25
14,-6,0,14.0,-6.0,5.852157831192017,340.4386471430169,38,313,-162,1833,158,416,476,25
14,-7,0,14.0,-7.0,5.860112905502319,324.78776699874356,38,299,-155,1833,158,416,476,25
14,-4,0,14.0,-4.0,5.868172883987427,310.53061870154283,38,285,-151,1833,158,416,476,25
15,-6,0,15.0,-6.0,5.876037836074829,294.4718584144391,38,270,-145,1833,158,416,476,25
15,-5,0,15.0,-5.0,5.884438753128052,278.90376415577714,38,255,-140,1833,158,416,476,25
15,-6,0,15.0,-6.0,5.892113924026489,262.87451682540524,38,240,-134,1833,158,416,476,25
13,-6,0,13.0,-6.0,5.899947881698608,248.60122793264043,38,227,-128,1833,158,416,476,25
10,-6,0,10.0,-6.0,5.90815281867981,236.94376875109768,38,217,-122,1833,158,416,476,25
10,-6,0,10.0,-6.0,5.916162729263306,225.28674636397204,38,207,-116,1833,158,416,476,25
7,-5,0,7.0,-5.0,5.924116849899292,216.7378412069153,38,200,-111,1833,158,416,476,25
8,-6,0,8.0,-6.0,5.932074785232544,206.8355546980426,38,192,-105,1833,158,416,476,25
7,-6,0,7.0,-6.0,5.94010591506958,197.82373554962746,38,185,-99,1833,158,416,476,25
7,-4,0,7.0,-4.0,5.94809889793396,189.76471445721128,38,178,-95,1833,158,416,476,25
5,-5,0,5.0,-5.0,5.955972909927368,183.0102561405425,38,173,-90,1833,158,416,476,25
4,-4,0,4.0,-4.0,5.963963747024536,177.62331080328704,38,169,-86,1833,158,416,476,25
4,-2,0,4.0,-2.0,5.972089767456055,173.15128949051368,38,165,-84,1833,158,416,476,25
5,-4,0,5.0,-4.0,5.980133771896362,166.88543819998318,38,160,-80,1833,158,416,476,25
4,-3,0,4.0,-3.0,5.988087892532349,161.9683879329805,38,156,-77,1833,158,416,476,25
6,-3,0,6.0,-3.0,5.996020793914795,155.2602762164406,38,150,-74,1833,158,416,476,25
5,-2,0,5.0,-2.0,6.00420880317688,149.8919392681427,38,145,-72,1833,158,416,476,25
4,-2,0,4.0,-2.0,6.012035846710205,145.41982086128797,38,141,-70,1833,158,416,476,25
4,-2,0,4.0,-2.0,6.02014684677124,140.9477034806342,38,137,-68,1833,158,416,476,25
3,-2,0,3.0,-2.0,6.0282487869262695,137.37201879870273,38,134,-66,1833,158,416,476,25
4,-1,0,4.0,-1.0,6.035962820053101,133.34441853748632,38,130,-65,1833,158,416,476,25
4,-2,0,4.0,-2.0,6.044029951095581,128.87228258248675,38,126,-63,1833,158,416,476,25
4,-2,0,4.0,-2.0,6.051988840103149,124.40014662748717,38,122,-61,1833,158,416,476,25
4,-2,0,4.0,-2.0,6.060061931610107,119.9280106724876,38,118,-59,1833,158,416,476,25
4,-1,0,4.0,-1.0,6.068076848983765,115.90621564255585,38,114,-58,1833,158,416,476,25
4,-2,0,4.0,-2.0,6.0760908126831055,111.43419299367578,38,110,-56,1833,158,416,476,25
4,-2,0,4.0,-2.0,6.084322929382324,106.96217886370441,38,106,-54,1833,158,416,476,25
4,-3,0,4.0,-3.0,6.092193841934204,102.03946685248927,38,102,-51,1833,158,416,476,25
3,-2,0,3.0,-2.0,6.100092887878418,98.46266337545913,38,99,-49,1833,158,416,476,25
4,-2,0,4.0,-2.0,6.107996940612793,93.99056561788883,38,95,-47,1833,158,416,476,25
3,-2,0,3.0,-2.0,6.115955829620361,90.41581909060729,38,92,-45,1833,158,416,476,25
2,-2,0,2.0,-2.0,6.124053955078125,87.74467404327912,38,90,-43,1833,158,416,476,25
3,-2,0,3.0,-2.0,6.132067918777466,84.17692030835673,38,87,-41,1833,158,416,476,25
4,-3,0,4.0,-3.0,6.140167951583862,79.28526715741155,38,83,-38,1833,158,416,476,25
5,-3,0,5.0,-3.0,6.148114919662476,73.492689745966,38,78,-35,1833,158,416,476,25
5,-3,0,5.0,-3.0,6.15607476234436,67.7057087039567,38,73,-32,1833,158,416,476,25
4,-3,0,4.0,-3.0,6.16423487663269,62.846509604656916,38,69,-29,1833,158,416,476,25
4,-2,0,4.0,-2.0,6.172223806381226,58.384657419071104,38,65,-27,1833,158,416,476,25
2,-2,0,2.0,-2.0,6.180346727371216,55.779052811322174,38,63,-25,1833,158,416,476,25
3,-2,0,3.0,-2.0,6.188078880310059,52.25729530566937,38,60,-23,1833,158,416,476,25
3,-1,0,3.0,-1.0,6.196092844009399,49.09828148156051,38,57,-22,1833,158,416,476,25
3,-2,0,3.0,-2.0,6.204133749008179,45.584720195551874,38,54,-20,1833,158,416,476,25
2,-1,0,2.0,-1.0,6.2121617794036865,43.362442142665635,38,52,-19,1833,158,416,476,25
2,-1,0,2.0,-1.0,6.2201008796691895,41.14132102234569,38,50,-18,1833,158,416,476,25
3,-1,0,3.0,-1.0,6.228165864944458,37.9799959983992,38,47,-17,1833,158,416,476,25
2,-1,0,2.0,-1.0,6.236079931259155,35.75981574503821,38,45,-16,1833,158,416,476,25
3,-2,0,3.0,-2.0,6.244112730026245,32.27188724235731,38,42,-14,1833,158,416,476,25
2,0,0,2.0,-0.0,6.252072811126709,30.379240200834182,38,40,-14,1833,158,416,476,25
2,-2,0,2.0,-2.0,6.259941816329956,27.84971769034255,38,38,-12,1833,158,416,476,25
2,-1,0,2.0,-1.0,6.268081903457642,25.64306044943742,38,36,-11,1833,158,416,476,25
1,-1,0,1.0,-1.0,6.276025772094727,24.400549446402593,38,35,-10,1833,158,416,476,25
2,-1,0,2.0,-1.0,6.284074783325195,22.205262752974143,38,33,-9,1833,158,416,476,25
2,-1,0,2.0,-1.0,6.292074918746948,20.015621187164243,38,31,-8,1833,158,416,476,25
2,-1,0,2.0,-1.0,6.300078868865967,17.832867780352597,38,29,-7,1833,158,416,476,25
2,-1,0,2.0,-1.0,6.308090925216675,15.658633371878661,38,27,-6,1833,158,416,476,25
2,0,0,2.0,-0.0,6.316044807434082,13.709920264364882,38,25,-6,1833,158,416,476,25
3,-1,0,3.0,-1.0,6.323958873748779,10.561028345356956,38,22,-5,1833,158,416,476,25
3,-1,0,3.0,-1.0,6.331976890563965,7.416487838947599,38,19,-4,1833,158,416,476,25
3,-1,0,3.0,-1.0,6.339988946914673,4.278820596099706,38,16,-3,1833,158,416,476,25
2,-1,0,2.0,-1.0,6.3481879234313965,2.142135623730951,38,14,-2,1833,158,416,476,25
3,0,0,3.0,-0.0,6.356076955795288,-0.819660112501051,38,11,-2,1833,158,416,476,25
1,-1,0,1.0,-1.0,6.364083766937256,-1.95012437887911,38,10,-1,1833,158,416,476,25
1,-1,0,1.0,-1.0,6.372114896774292,-3.0,38,9,0,1833,158,416,476,25
0,0,1,-0.0,-0.0,6.398965835571289,-3.0,38,9,0,1833,158,416,476,25
0,0,0,-0.0,-0.0,0.07674145698547363,449.33598248523816,39,-202,438,1622,596,1824,158,66
-2,1,0,-2.0,1.0,0.14275550842285156,447.59234284370365,39,-200,437,1622,596,1824,158,66
-5,2,0,-5.0,2.0,0.15072250366210938,443.7074574621211,39,-195,435,1622,596,1824,158,66
-7,4,0,-7.0,4.0,0.15859556198120117,437.2180345329175,39,-188,431,1622,596,1824,158,66
-10,4,0,-10.0,4.0,0.16676759719848633,429.61539101071855,39,-178,427,1622,596,1824,158,66
-13,7,0,-13.0,7.0,0.17482757568359375,418.2482686947397,39,-165,420,1622,596,1824,158,66
-16,12,0,-16.0,12.0,0.18288159370422363,401.35584490138956,39,-149,408,1622,596,1824,158,66
-15,12,0,-15.0,12.0,0.1907825469970703,385.0574123251494,39,-134,396,1622,596,1824,158,66
-13,14,0,-13.0,14.0,0.19872140884399414,367.7056276120913,39,-121,382,1622,596,1824,158,66
-8,14,0,-8.0,14.0,0.20673537254333496,351.9584393152071,39,-113,368,1622,596,1824,158,66
-7,13,0,-7.0,13.0,0.2148115634918213,337.48751665879377,39,-106,355,1622,596,1824,158,66
-6,11,0,-6.0,11.0,0.22271251678466797,325.24014292091834,39,-100,344,1622,596,1824,158,66
-3,9,0,-3.0,9.0,0.23075437545776367,315.7606629194296,39,-97,335,1622,596,1824,158,66
-3,7,0,-3.0,7.0,0.23867249488830566,308.2037514447929,39,-94,328,1622,596,1824,158,66
-2,6,0,-2.0,6.0,0.24674344062805176,301.88505490690386,39,-92,322,1622,596,1824,158,66
-1,8,0,-1.0,8.0,0.25466251373291016,293.92047962769175,39,-91,314,1622,596,1824,158,66
-2,8,0,-2.0,8.0,0.26286745071411133,285.68009037277494,39,-89,306,1622,596,1824,158,66
-1,6,0,-1.0,6.0,0.27072644233703613,279.6403684747061,39,-88,300,1622,596,1824,158,66
-2,8,0,-2.0,8.0,0.278827428817749,271.4010512465422,39,-86,292,1622,596,1824,158,66
-2,11,0,-2.0,11.0,0.28670644760131836,260.2865492994863,39,-84,281,1622,596,1824,158,66
-2,11,0,-2.0,11.0,0.2946953773498535,249.177249260106,39,-82,270,1622,596,1824,158,66
-3,11,0,-3.0,11.0,0.3027024269104004,237.78035379251577,39,-79,259,1622,596,1824,158,66
-3,13,0,-3.0,13.0,0.31076741218566895,224.47232861028,39,-76,246,1622,596,1824,158,66
-3,11,0,-3.0,11.0,0.3186213970184326,213.07722365143832,39,-73,235,1622,596,1824,158,66
-3,12,0,-3.0,12.0,0.32674455642700195,200.72847494475295,39,-70,223,1622,596,1824,158,66
-3,13,0,-3.0,13.0,0.33473753929138184,187.42912693199145,39,-67,210,1622,596,1824,158,66
-2,12,0,-2.0,12.0,0.3427104949951172,175.39625716408634,39,-65,198,1622,596,1824,158,66
-3,12,0,-3.0,12.0,0.3507874011993408,163.06121493043952,39,-62,186,1622,596,1824,158,66
-1,11,0,-1.0,11.0,0.35877537727355957,152.32673849177834,39,-61,175,1622,596,1824,158,66
-1,12,0,-1.0,12.0,0.3667163848876953,140.69225659193907,39,-60,163,1622,596,1824,158,66
-1,11,0,-1.0,11.0,0.3747735023498535,130.04907236779974,39,-59,152,1622,596,1824,158,66
-1,11,0,-1.0,11.0,0.3827934265136719,119.46311029229332,39,-58,141,1622,596,1824,158,66
-2,10,0,-2.0,10.0,0.3907444477081299,109.46754016266303,39,-56,131,1622,596,1824,158,66
-2,9,0,-2.0,9.0,0.39874839782714844,100.41664064126334,39,-54,122,1622,596,1824,158,66
-1,9,0,-1.0,9.0,0.40673041343688965,91.8118584109699,39,-53,113,1622,596,1824,158,66
-2,9,0,-2.0,9.0,0.4147493839263916,82.83177456984762,39,-51,104,1622,596,1824,158,66
-2,9,0,-2.0,9.0,0.4228034019470215,73.89246933250256,39,-49,95,1622,596,1824,158,66
-2,8,0,-2.0,8.0,0.430741548538208,65.88377015466189,39,-47,87,1622,596,1824,158,66
-3,6,0,-3.0,6.0,0.4387345314025879,59.17917335276988,39,-44,81,1622,596,1824,158,66
-3,6,0,-3.0,6.0,0.4467275142669678,52.47514258543241,39,-41,75,1622,596,1824,158,66
-3,3,0,-3.0,3.0,0.4547123908996582,48.41252974819048,39,-38,72,1622,596,1824,158,66
-3,5,0,-3.0,5.0,0.4627645015716553,42.59100475585703,39,-35,67,1622,596,1824,158,66
-3,4,0,-3.0,4.0,0.4707605838775635,37.661163307718056,39,-32,63,1622,596,1824,158,66
-4,4,0,-4.0,4.0,0.47883152961730957,32.30696746902278,39,-28,59,1622,596,1824,158,66
-3,4,0,-3.0,4.0,0.4867415428161621,27.41522986797286,39,-25,55,1622,596,1824,158,66
-4,3,0,-4.0,3.0,0.4947524070739746,23.080299571239813,39,-21,52,1622,596,1824,158,66
-3,3,0,-3.0,3.0,0.5027525424957275,19.201532544552748,39,-18,49,1622,596,1824,158,66
-2,3,0,-2.0,3.0,0.5107026100158691,15.703182647543684,39,-16,46,1622,596,1824,158,66
-2,2,0,-2.0,2.0,0.5187416076660156,13.173585522460783,39,-14,44,1622,596,1824,158,66
-2,0,0,-2.0,-0.0,0.5267274379730225,12.607017003965517,39,-12,44,1622,596,1824,158,66
0,1,0,-0.0,1.0,0.5347836017608643,11.643028571099428,39,-12,43,1622,596,1824,158,66
-1,0,0,-1.0,-0.0,0.542771577835083,11.384682042344295,39,-11,43,1622,596,1824,158,66
0,0,1,-0.0,-0.0,0.5608503818511963,11.384682042344295,39,-11,43,1622,596,1824,158,66
0,0,0,-0.0,-0.0,0.08121275901794434,947.8262999096203,40,-939,143,694,696,1633,553,5
0,1,0,-0.0,1.0,0.1422417163848877,947.6762606277994,40,-939,142,694,696,1633,553,5
0,1,0,-0.0,1.0,0.15021371841430664,947.5272507937832,40,-939,141,694,696,1633,553,5
-1,0,0,-1.0,-0.0,0.15830278396606445,946.538349251099,40,-938,141,694,696,1633,553,5
0,1,0,-0.0,1.0,0.16628766059875488,946.3902150486371,40,-938,140,694,696,1633,553,5
-1,0,0,-1.0,-0.0,0.1743466854095459,945.4011821820785,40,-937,140,694,696,1633,553,5
0,1,0,-0.0,1.0,0.18235468864440918,945.2539258298168,40,-937,139,694,696,1633,553,5
-2,0,0,-2.0,-0.0,0.1901998519897461,943.2756211814626,40,-935,139,694,696,1633,553,5
-3,2,0,-3.0,2.0,0.1982588768005371,940.0153926555553,40,-932,137,694,696,1633,553,5
-4,2,0,-4.0,2.0,0.2062087059020996,935.7680950000379,40,-928,135,694,696,1633,553,5
-5,1,0,-5.0,1.0,0.21432280540466309,930.6762568008259,40,-923,134,694,696,1633,553,5
-7,2,0,-7.0,2.0,0.22243571281433105,923.4620467636693,40,-916,132,694,696,1633,553,5
-11,3,0,-11.0,3.0,0.23008179664611816,912.1476904745754,40,-905,129,694,696,1633,553,5
-16,2,0,-16.0,2.0,0.23811578750610352,896.0256121069153,40,-889,127,694,696,1633,553,5
-18,3,0,-18.0,3.0,0.24609875679016113,877.7823594503359,40,-871,124,694,696,1633,553,5
-24,3,0,-24.0,3.0,0.25423479080200195,853.5992052357225,40,-847,121,694,696,1633,553,5
-28,2,0,-28.0,2.0,0.26219773292541504,825.6001449975706,40,-819,119,694,696,1633,553,5
-33,3,0,-33.0,3.0,0.2701888084411621,792.5136877360893,40,-786,116,694,696,1633,553,5
-34,2,0,-34.0,2.0,0.2782707214355469,758.5918747922568,40,-752,114,694,696,1633,553,5
-35,3,0,-35.0,3.0,0.28633785247802734,723.5411773290335,40,-717,111,694,696,1633,553,5
-36,3,0,-36.0,3.0,0.29419970512390137,687.5106960736722,40,-681,108,694,696,1633,553,5
-36,3,0,-36.0,3.0,0.3022267818450928,651.490627323759,40,-645,105,694,696,1633,553,5
-35,3,0,-35.0,3.0,0.310100793838501,616.4690776425285,40,-610,102,694,696,1633,553,5
-32,4,0,-32.0,4.0,0.3186206817626953,584.2490938159308,40,-578,98,694,696,1633,553,5
-30,2,0,-30.0,2.0,0.32622575759887695,554.3452165697122,40,-548,96,694,696,1633,553,5
-28,3,0,-28.0,3.0,0.33423376083374023,526.2508873631922,40,-520,93,694,696,1633,553,5
-26,3,0,-26.0,3.0,0.3422987461090088,500.1314568915196,40,-494,90,694,696,1633,553,5
-23,1,0,-23.0,1.0,0.3502328395843506,477.33495595460175,40,-471,89,694,696,1633,553,5
-19,2,0,-19.0,2.0,0.3582148551940918,458.29664348113596,40,-452,87,694,696,1633,553,5
-20,2,0,-20.0,2.0,0.36623072624206543,438.2828636229214,40,-432,85,694,696,1633,553,5
-19,1,0,-19.0,1.0,0.374295711517334,419.4558102577303,40,-413,84,694,696,1633,553,5
-18,2,0,-18.0,2.0,0.3821098804473877,401.4216156826503,40,-395,82,694,696,1633,553,5
-20,1,0,-20.0,1.0,0.3903677463531494,381.64827641995214,40,-375,81,694,696,1633,553,5
-20,2,0,-20.0,2.0,0.3982226848602295,361.68392870733237,40,-355,79,694,696,1633,553,5
-21,1,0,-21.0,1.0,0.406099796295166,340.98688021555574,40,-334,78,694,696,1633,553,5
-20,2,0,-20.0,2.0,0.41432666778564453,321.066556610244,40,-314,76,694,696,1633,553,5
-18,1,0,-18.0,1.0,0.42221570014953613,303.35389304870506,40,-296,75,694,696,1633,553,5
-16,2,0,-16.0,2.0,0.4302937984466553,287.35963782117227,40,-280,73,694,696,1633,553,5
-13,1,0,-13.0,1.0,0.43808770179748535,274.5375200583096,40,-267,72,694,696,1633,553,5
-9,0,0,-9.0,-0.0,0.4461987018585205,265.8581714265966,40,-258,72,694,696,1633,553,5
-7,1,0,-7.0,1.0,0.45415687561035156,258.84861510078986,40,-251,71,694,696,1633,553,5
-4,0,0,-4.0,-0.0,0.46215081214904785,255.00194551792794,40,-247,71,694,696,1633,553,5
-5,1,0,-5.0,1.0,0.47022080421447754,249.9206224190469,40,-242,70,694,696,1633,553,5
-6,1,0,-6.0,1.0,0.47824668884277344,243.88005205790893,40,-236,69,694,696,1633,553,5
-5,1,0,-5.0,1.0,0.4862217903137207,238.80074750714542,40,-231,68,694,696,1633,553,5
-5,1,0,-5.0,1.0,0.4942588806152344,233.72229423624742,40,-226,67,694,696,1633,553,5
-5,2,0,-5.0,2.0,0.5020956993103027,228.36058690670154,40,-221,65,694,696,1633,553,5
-5,1,0,-5.0,1.0,0.5101847648620605,223.28204544525957,40,-216,64,694,696,1633,553,5
-4,2,0,-4.0,2.0,0.518122673034668,218.8800579500105,40,-212,62,694,696,1633,553,5
-4,1,0,-4.0,1.0,0.5262117385864258,214.76023620581336,40,-208,61,694,696,1633,553,5
-2,2,0,-2.0,2.0,0.5340917110443115,212.28252378577213,40,-206,59,694,696,1633,553,5
-2,1,0,-2.0,1.0,0.5421957969665527,210.08488866489287,40,-204,58,694,696,1633,553,5
-2,2,0,-2.0,2.0,0.5502457618713379,207.61870145576228,40,-202,56,694,696,1633,553,5
-3,1,0,-3.0,1.0,0.5583736896514893,204.46065000382035,40,-199,55,694,696,1633,553,5
-4,4,0,-4.0,4.0,0.5662097930908203,199.5589243868899,40,-195,51,694,696,1633,553,5
-4,3,0,-4.0,3.0,0.5742287635803223,194.93907687404246,40,-191,48,694,696,1633,553,5
-6,4,0,-6.0,4.0,0.5821938514709473,188.16045856065872,40,-185,44,694,696,1633,553,5
-5,4,0,-5.0,4.0,0.5901248455047607,182.39088914585776,40,-180,40,694,696,1633,553,5
-5,3,0,-5.0,3.0,0.598125696182251,176.86866690396056,40,-175,37,694,696,1633,553,5
-7,4,0,-7.0,4.0,0.6062548160552979,169.2103968805633,40,-168,33,694,696,1633,553,5
-7,3,0,-7.0,3.0,0.6142308712005615,161.77118183612157,40,-161,30,694,696,1633,553,5
-7,3,0,-7.0,3.0,0.6222188472747803,154.348968656656,40,-154,27,694,696,1633,553,5
-6,1,0,-6.0,1.0,0.6302247047424316,148.2664300500947,40,-148,26,694,696,1633,553,5
-5,2,0,-5.0,2.0,0.6382148265838623,143.0,40,-143,24,694,696,1633,553,5
-5,1,0,-5.0,1.0,0.6463048458099365,137.90353819685905,40,-138,23,694,696,1633,553,5
-4,1,0,-4.0,1.0,0.6540708541870117,133.79396157414365,40,-134,22,694,696,1633,553,5
-5,1,0,-5.0,1.0,0.6621098518371582,128.6981254647518,40,-129,21,694,696,1633,553,5
-4,1,0,-4.0,1.0,0.6701788902282715,124.58988901172162,40,-125,20,694,696,1633,553,5
-6,1,0,-6.0,1.0,0.678229808807373,118.50726119201282,40,-119,19,694,696,1633,553,5
-5,1,0,-5.0,1.0,0.6861217021942139,113.41230437002807,40,-114,18,694,696,1633,553,5
-5,1,0,-5.0,1.0,0.6943597793579102,108.3177229641729,40,-109,17,694,696,1633,553,5
-5,1,0,-5.0,1.0,0.702218770980835,103.22357150372724,40,-104,16,694,696,1633,553,5
-4,0,0,-4.0,-0.0,0.7102758884429932,99.27191120937731,40,-100,16,694,696,1633,553,5
-4,0,0,-4.0,-0.0,0.7182567119598389,95.32420048477151,40,-96,16,694,696,1633,553,5
-4,0,0,-4.0,-0.0,0.7261748313903809,91.38094023943002,40,-92,16,694,696,1633,553,5
-4,1,0,-4.0,1.0,0.734198808670044,87.26925562588724,40,-88,15,694,696,1633,553,5
-4,1,0,-4.0,1.0,0.7422158718109131,83.15867542417507,40,-84,14,694,696,1633,553,5
-3,0,0,-3.0,-0.0,0.7502617835998535,80.20097323024831,40,-81,14,694,696,1633,553,5
-4,0,0,-4.0,-0.0,0.7582507133483887,76.26237921249263,40,-77,14,694,696,1633,553,5
-3,1,0,-3.0,1.0,0.7662496566772461,73.13321502504735,40,-74,13,694,696,1633,553,5
-3,1,0,-3.0,1.0,0.774263858795166,70.00694410957877,40,-71,12,694,696,1633,553,5
-5,0,0,-5.0,-0.0,0.7820878028869629,65.08203932499369,40,-66,12,694,696,1633,553,5
-3,1,0,-3.0,1.0,0.7901468276977539,61.953107821277925,40,-63,11,694,696,1633,553,5
-4,2,0,-4.0,2.0,0.7981588840484619,57.682493245507096,40,-59,9,694,696,1633,553,5
-3,0,0,-3.0,-0.0,0.8062736988067627,54.71860364994893,40,-56,9,694,696,1633,553,5
-2,0,0,-2.0,-0.0,0.8141617774963379,52.74486277268398,40,-54,9,694,696,1633,553,5
-1,1,0,-1.0,1.0,0.8222267627716064,51.600373133029585,40,-53,8,694,696,1633,553,5
-2,0,0,-2.0,-0.0,0.8302958011627197,49.62363799656123,40,-51,8,694,696,1633,553,5
-1,0,0,-1.0,-0.0,0.8383638858795166,48.635955604688654,40,-50,8,694,696,1633,553,5
-2,1,0,-2.0,1.0,0.8462057113647461,46.507731342539614,40,-48,7,694,696,1633,553,5
-1,0,0,-1.0,-0.0,0.8548648357391357,45.51841748206689,40,-47,7,694,696,1633,553,5
-2,1,0,-2.0,1.0,0.862257719039917,43.39823785126467,40,-45,6,694,696,1633,553,5
-2,0,0,-2.0,-0.0,0.8701837062835693,41.41658669218482,40,-43,6,694,696,1633,553,5
-1,1,0,-1.0,1.0,0.8781318664550781,40.2965719651132,40,-42,5,694,696,1633,553,5
-2,1,0,-2.0,1.0,0.8862597942352295,38.19950248448356,40,-40,4,694,696,1633,553,5
-2,0,0,-2.0,-0.0,0.8942177295684814,36.2099463490856,40,-38,4,694,696,1633,553,5
-2,1,0,-2.0,1.0,0.9022178649902344,34.124783736376884,40,-36,3,694,696,1633,553,5
-2,1,0,-2.0,1.0,0.9102437496185303,32.058772731852805,40,-34,2,694,696,1633,553,5
-1,1,0,-1.0,1.0,0.9182388782501221,31.015148038438355,40,-33,1,694,696,1633,553,5
-2,0,0,-2.0,-0.0,0.9261157512664795,29.016124838541646,40,-31,1,694,696,1633,553,5
-2,0,0,-2.0,-0.0,0.9341306686401367,27.017236257093817,40,-29,1,694,696,1633,553,5
-1,1,0,-1.0,1.0,0.9421017169952393,26.0,40,-28,0,694,696,1633,553,5
-2,0,0,-2.0,-0.0,0.9501817226409912,24.0,40,-26,0,694,696,1633,553,5
-1,1,0,-1.0,1.0,0.9582936763763428,23.019992006393608,40,-25,-1,694,696,1633,553,5
-2,0,0,-2.0,-0.0,0.9662196636199951,21.021728866442675,40,-23,-1,694,696,1633,553,5
-1,0,0,-1.0,-0.0,0.9743087291717529,20.02271554554524,40,-22,-1,694,696,1633,553,5
-2,0,0,-2.0,-0.0,0.9822897911071777,18.024984394500787,40,-20,-1,694,696,1633,553,5
-1,0,0,-1.0,-0.0,0.9902276992797852,17.026297590440446,40,-19,-1,694,696,1633,553,5
-1,0,0,-1.0,-0.0,0.9981577396392822,16.027756377319946,40,-18,-1,694,696,1633,553,5
-1,1,0,-1.0,1.0,1.006267786026001,15.11724276862369,40,-17,-2,694,696,1633,553,5
-1,0,0,-1.0,-0.0,1.0302226543426514,14.124515496597098,40,-16,-2,694,696,1633,553,5
-1,0,0,-1.0,-0.0,1.0462348461151123,13.132745950421556,40,-15,-2,694,696,1633,553,5
0,1,0,-0.0,1.0,1.0542206764221191,13.297058540778355,40,-15,-3,694,696,1633,553,5
-1,0,0,-1.0,-0.0,1.0621557235717773,12.317821063276353,40,-14,-3,694,696,1633,553,5
-1,0,0,-1.0,-0.0,1.070218801498413,11.341664064126334,40,-13,-3,694,696,1633,553,5
-2,0,0,-2.0,-0.0,1.0860998630523682,9.40175425099138,40,-11,-3,694,696,1633,553,5
-1,0,0,-1.0,-0.0,1.0941717624664307,8.44030650891055,40,-10,-3,694,696,1633,553,5
-1,0,0,-1.0,-0.0,1.10211181640625,7.486832980505138,40,-9,-3,694,696,1633,553,5
-1,0,0,-1.0,-0.0,1.1101417541503906,6.54400374531753,40,-8,-3,694,696,1633,553,5
-1,0,0,-1.0,-0.0,1.1181557178497314,5.615773105863909,40,-7,-3,694,696,1633,553,5
-1,0,0,-1.0,-0.0,1.1341626644134521,4.708203932499369,40,-6,-3,694,696,1633,553,5
0,0,1,-0.0,-0.0,1.1962828636169434,4.708203932499369,40,-6,-3,694,696,1633,553,5
-1,0,1,-1.0,-0.0,1.278364658355713,3.8309518948453007,40,-5,-3,694,696,1633,553,5
-1,0,1,-1.0,-0.0,1.286186695098877,3.0,40,-4,-3,694,696,1633,553,5
0,0,0,-0.0,-0.0,1.296292781829834,3.0,40,-4,-3,694,696,1633,553,5
-1,0,0,-1.0,-0.0,1.302140712738037,2.2426406871192848,40,-3,-3,694,696,1633,553,5
-1,0,0,-1.0,-0.0,1.3101418018341064,1.6055512754639891,40,-2,-3,694,696,1633,553,5
-1,0,0,-1.0,-0.0,1.3181548118591309,1.1622776601683795,40,-1,-3,694,696,1633,553,5
-1,0,0,-1.0,-0.0,1.3342256546020508,1.0,40,0,-3,694,696,1633,553,5
-1,0,0,-1.0,-0.0,1.3982977867126465,1.1622776601683795,40,1,-3,694,696,1633,553,5
0,0,1,-0.0,-0.0,1.4413697719573975,1.1622776601683795,40,1,-3,694,696,1633,553,5
0,0,0,-0.0,-0.0,0.07538104057312012,682.6792662337526,41,531,-451,1224,248,693,699,29
1,0,0,1.0,-0.0,0.16452908515930176,681.9173801537077,41,530,-451,1224,248,693,699,29
1,0,0,1.0,-0.0,0.17249798774719238,681.1560975780907,41,529,-451,1224,248,693,699,29
3,-1,0,3.0,-1.0,0.18852806091308594,678.2253968181174,41,526,-450,1224,248,693,699,29
5,-3,0,5.0,-3.0,0.19666409492492676,672.476510887299,41,521,-447,1224,248,693,699,29
6,-4,0,6.0,-4.0,0.20453310012817383,665.3187764223803,41,515,-443,1224,248,693,699,29
7,-6,0,7.0,-6.0,0.2125389575958252,656.0992463807133,41,508,-437,1224,248,693,699,29
8,-6,0,8.0,-6.0,0.22045588493347168,646.1219584288951,41,500,-431,1224,248,693,699,29
9,-7,0,9.0,-7.0,0.22852396965026855,634.734922753508,41,491,-424,1224,248,693,699,29
9,-7,0,9.0,-7.0,0.2364809513092041,623.3484133501863,41,482,-417,1224,248,693,699,29
15,-11,0,15.0,-11.0,0.24445390701293945,604.8093405888441,41,467,-406,1224,248,693,699,29
19,-13,0,19.0,-13.0,0.25248098373413086,581.947145307367,41,448,-393,1224,248,693,699,29
22,-17,0,22.0,-17.0,0.2604849338531494,554.2006687782055,41,426,-376,1224,248,693,699,29
24,-19,0,24.0,-19.0,0.2684650421142578,523.6364942970297,41,402,-357,1224,248,693,699,29
27,-21,0,27.0,-21.0,0.2763960361480713,489.50868910079396,41,375,-336,1224,248,693,699,29
30,-20,0,30.0,-20.0,0.2844719886779785,453.8471972770597,41,345,-316,1224,248,693,699,29
31,-20,0,31.0,-20.0,0.2924940586090088,417.522884677047,41,314,-296,1224,248,693,699,29
31,-22,0,31.0,-22.0,0.3004939556121826,379.9098881724093,41,283,-274,1224,248,693,699,29
32,-22,0,32.0,-22.0,0.3085010051727295,341.6754138255834,41,251,-252,1224,248,693,699,29
31,-22,0,31.0,-22.0,0.3164799213409424,304.27660925679095,41,220,-230,1224,248,693,699,29
25,-18,0,25.0,-18.0,0.32447290420532227,274.0433995077825,41,195,-212,1224,248,693,699,29
19,-13,0,19.0,-13.0,0.33251404762268066,251.66332076521212,41,176,-199,1224,248,693,699,29
13,-11,0,13.0,-11.0,0.34046292304992676,234.82323042674292,41,163,-188,1224,248,693,699,29
10,-10,0,10.0,-10.0,0.34838390350341797,220.71898091121648,41,153,-178,1224,248,693,699,29
7,-8,0,7.0,-8.0,0.35634899139404297,210.0892679268688,41,146,-170,1224,248,693,699,29
6,-9,0,6.0,-9.0,0.36464500427246094,199.3565091577944,41,140,-161,1224,248,693,699,29
6,-8,0,6.0,-8.0,0.3725860118865967,189.38387350033435,41,134,-153,1224,248,693,699,29
6,-10,0,6.0,-10.0,0.38048505783081055,177.91925385432282,41,128,-143,1224,248,693,699,29
8,-8,0,8.0,-8.0,0.38852787017822266,166.62391868188442,41,120,-135,1224,248,693,699,29
5,-7,0,5.0,-7.0,0.39650893211364746,158.07265907168403,41,115,-128,1224,248,693,699,29
4,-5,0,4.0,-5.0,0.40480709075927734,151.6804152578089,41,111,-123,1224,248,693,699,29
5,-5,0,5.0,-5.0,0.4123659133911133,144.61904047118682,41,106,-118,1224,248,693,699,29
4,-4,0,4.0,-4.0,0.4203760623931885,138.97058540778355,41,102,-114,1224,248,693,699,29
4,-5,0,4.0,-5.0,0.42838287353515625,132.57762448614045,41,98,-109,1224,248,693,699,29
4,-4,0,4.0,-4.0,0.43645191192626953,126.92906016858268,41,94,-105,1224,248,693,699,29
5,-6,0,5.0,-6.0,0.4445180892944336,119.12400234367956,41,89,-99,1224,248,693,699,29
7,-6,0,7.0,-6.0,0.4524569511413574,109.98790263570072,41,82,-93,1224,248,693,699,29
6,-7,0,6.0,-7.0,0.4605369567871094,100.76933388322858,41,76,-86,1224,248,693,699,29
6,-6,0,6.0,-6.0,0.46848106384277344,92.30145812734649,41,70,-80,1224,248,693,699,29
6,-7,0,6.0,-7.0,0.47643494606018066,83.082439194738,41,64,-73,1224,248,693,699,29
5,-5,0,5.0,-5.0,0.48435306549072266,76.02777349240623,41,59,-68,1224,248,693,699,29
3,-4,0,3.0,-4.0,0.4923970699310303,71.0411665018772,41,56,-64,1224,248,693,699,29
1,-3,0,1.0,-3.0,0.5003950595855713,68.13403679352427,41,55,-61,1224,248,693,699,29
2,-3,0,2.0,-3.0,0.5085530281066895,64.56844150166147,41,53,-58,1224,248,693,699,29
2,-3,0,2.0,-3.0,0.5165929794311523,61.0066663703967,41,51,-55,1224,248,693,699,29
1,-3,0,1.0,-3.0,0.5245120525360107,58.13875518748573,41,50,-52,1224,248,693,699,29
2,-5,0,2.0,-5.0,0.5325238704681396,53.178865724273734,41,48,-47,1224,248,693,699,29
2,-3,0,2.0,-3.0,0.5405890941619873,49.655321851358195,41,46,-44,1224,248,693,699,29
2,-2,0,2.0,-2.0,0.5483570098876953,46.8276253029822,41,44,-42,1224,248,693,699,29
1,-3,0,1.0,-3.0,0.5563700199127197,44.05170109479997,41,43,-39,1224,248,693,699,29
2,-2,0,2.0,-2.0,0.5643930435180664,41.226805085936306,41,41,-37,1224,248,693,699,29
1,-2,0,1.0,-2.0,0.5725500583648682,39.150729063673246,41,40,-35,1224,248,693,699,29
1,-3,0,1.0,-3.0,0.5806748867034912,36.44799302251776,41,39,-32,1224,248,693,699,29
2,-2,0,2.0,-2.0,0.5884919166564941,33.634021455258214,41,37,-30,1224,248,693,699,29
1,-2,0,1.0,-2.0,0.5964860916137695,31.607017003965517,41,36,-28,1224,248,693,699,29
1,-1,0,1.0,-1.0,0.604496955871582,30.204072210600685,41,35,-27,1224,248,693,699,29
1,-2,0,1.0,-2.0,0.61263108253479,28.201895692018383,41,34,-25,1224,248,693,699,29
1,-1,0,1.0,-1.0,0.6204380989074707,26.80441152620633,41,33,-24,1224,248,693,699,29
1,-2,0,1.0,-2.0,0.6284799575805664,24.8329756778952,41,32,-22,1224,248,693,699,29
1,-2,0,1.0,-2.0,0.6364059448242188,22.89173349139343,41,31,-20,1224,248,693,699,29
0,-1,0,-0.0,-1.0,0.6445579528808594,22.359317925395686,41,31,-19,1224,248,693,699,29
1,0,0,1.0,-0.0,0.6524910926818848,21.510561809129406,41,30,-19,1224,248,693,699,29
0,0,1,-0.0,-0.0,0.6874430179595947,21.510561809129406,41,30,-19,1224,248,693,699,29
1,-1,1,1.0,-1.0,0.7484409809112549,20.132096331752024,41,29,-18,1224,248,693,699,29
0,0,0,-0.0,-0.0,0.7495648860931396,20.132096331752024,41,29,-18,1224,248,693,699,29
2,0,0,2.0,-0.0,0.7564229965209961,18.449961479175904,41,27,-18,1224,248,693,699,29
3,-1,0,3.0,-1.0,0.7646079063415527,15.410882339705484,41,24,-17,1224,248,693,699,29
3,-1,0,3.0,-1.0,0.7724239826202393,12.40075756488817,41,21,-16,1224,248,693,699,29
3,-1,0,3.0,-1.0,0.7805070877075195,9.430749027719962,41,18,-15,1224,248,693,699,29
2,0,0,2.0,-0.0,0.788477897644043,7.931712199461309,41,16,-15,1224,248,693,699,29
2,-1,0,2.0,-1.0,0.7965970039367676,5.798989873223331,41,14,-14,1224,248,693,699,29
2,-1,0,2.0,-1.0,0.8044149875640869,3.6918060129541317,41,12,-13,1224,248,693,699,29
4,-1,0,4.0,-1.0,0.8124830722808838,0.4222051018559565,41,8,-12,1224,248,693,699,29
3,-2,0,3.0,-2.0,0.8203539848327637,-2.819660112501051,41,5,-10,1224,248,693,699,29
3,-2,0,3.0,-2.0,0.82846999168396,-5.753788748764679,41,2,-8,1224,248,693,699,29
2,-1,0,2.0,-1.0,0.8365070819854736,-7.0,41,0,-7,1224,248,693,699,29
1,-1,0,1.0,-1.0,0.8445820808410645,-7.917237469701781,41,-1,-6,1224,248,693,699,29
1,-1,0,1.0,-1.0,0.852463960647583,-8.614835192865495,41,-2,-5,1224,248,693,699,29
2,-1,0,2.0,-1.0,0.8605079650878906,-8.34314575050762,41,-4,-4,1224,248,693,699,29
1,-1,0,1.0,-1.0,0.8686320781707764,-8.1690481051547,41,-5,-3,1224,248,693,699,29
1,0,0,1.0,-0.0,0.8844790458679199,-7.291796067500631,41,-6,-3,1224,248,693,699,29
0,0,1,-0.0,-0.0,0.9124460220336914,-7.291796067500631,41,-6,-3,1224,248,693,699,29
0,0,0,-0.0,-0.0,0.0888817310333252,447.06652346634974,42,-464,127,766,378,1230,251,68
-2,3,0,-2.0,3.0,0.1367475986480713,444.35133531746305,42,-462,124,766,378,1230,251,68
-3,4,0,-3.0,4.0,0.1448667049407959,440.4270228391296,42,-459,120,766,378,1230,251,68
-3,4,0,-3.0,4.0,0.15287065505981445,436.52311314110807,42,-456,116,766,378,1230,251,68
-5,7,0,-5.0,7.0,0.16080379486083984,429.9849135478437,42,-451,109,766,378,1230,251,68
-6,7,0,-6.0,7.0,0.16881680488586426,422.5402501423067,42,-445,102,766,378,1230,251,68
-8,8,0,-8.0,8.0,0.17698359489440918,412.99552570467637,42,-437,94,766,378,1230,251,68
-12,10,0,-12.0,10.0,0.18477272987365723,399.22165227513733,42,-425,84,766,378,1230,251,68
-13,12,0,-13.0,12.0,0.1927807331085205,384.2439479538228,42,-412,72,766,378,1230,251,68
-15,14,0,-15.0,14.0,0.20084667205810547,367.21440652100216,42,-397,58,766,378,1230,251,68
-17,11,0,-17.0,11.0,0.20887064933776855,348.89554711435335,42,-380,47,766,378,1230,251,68
-20,11,0,-20.0,11.0,0.216782808303833,327.79552236035204,42,-360,36,766,378,1230,251,68
-21,8,0,-21.0,8.0,0.2248988151550293,306.1543767173958,42,-339,28,766,378,1230,251,68
-18,4,0,-18.0,4.0,0.23291873931884766,287.895945920417,42,-321,24,766,378,1230,251,68
-14,2,0,-14.0,2.0,0.24083280563354492,273.7872641939559,42,-307,22,766,378,1230,251,68
-10,0,0,-10.0,-0.0,0.24884271621704102,263.8137001549794,42,-297,22,766,378,1230,251,68
-9,0,0,-9.0,-0.0,0.2568676471710205,254.83905553093058,42,-288,22,766,378,1230,251,68
-6,0,0,-6.0,-0.0,0.2647426128387451,248.85685425670704,42,-282,22,766,378,1230,251,68
-6,-1,0,-6.0,-1.0,0.2727677822113037,242.95667531222279,42,-276,23,766,378,1230,251,68
-6,-1,0,-6.0,-1.0,0.2808356285095215,237.0645679538364,42,-270,24,766,378,1230,251,68
-6,-1,0,-6.0,-1.0,0.2888495922088623,231.18107021429716,42,-264,25,766,378,1230,251,68
-4,-1,0,-4.0,-1.0,0.29688382148742676,227.29676614914314,42,-260,26,766,378,1230,251,68
-8,-1,0,-8.0,-1.0,0.3048887252807617,219.44230112591703,42,-252,27,766,378,1230,251,68
-9,-1,0,-9.0,-1.0,0.31292080879211426,210.60784942433878,42,-243,28,766,378,1230,251,68
-11,0,0,-11.0,-0.0,0.32087278366088867,199.68354670365648,42,-232,28,766,378,1230,251,68
-14,0,0,-14.0,-0.0,0.3288736343383789,185.79080963497995,42,-218,28,766,378,1230,251,68
-16,0,0,-16.0,-0.0,0.3370206356048584,169.93136100168604,42,-202,28,766,378,1230,251,68
-15,0,0,-15.0,-0.0,0.3447988033294678,155.08463713374496,42,-187,28,766,378,1230,251,68
-16,0,0,-16.0,-0.0,0.3528788089752197,139.27723451163456,42,-171,28,766,378,1230,251,68
-14,1,0,-14.0,1.0,0.3607215881347656,125.3047394147456,42,-157,27,766,378,1230,251,68
-14,1,0,-14.0,1.0,0.3687608242034912,111.34441853748632,42,-143,26,766,378,1230,251,68
-12,2,0,-12.0,2.0,0.37681078910827637,99.18032887780387,42,-131,24,766,378,1230,251,68
-11,2,0,-11.0,2.0,0.38486266136169434,88.0,42,-120,22,766,378,1230,251,68
-12,2,0,-12.0,2.0,0.392885684967041,75.83624174196785,42,-108,20,766,378,1230,251,68
-11,3,0,-11.0,3.0,0.40088772773742676,64.47842403288143,42,-97,17,766,378,1230,251,68
-11,3,0,-11.0,3.0,0.40895867347717285,53.13208364316786,42,-86,14,766,378,1230,251,68
-11,2,0,-11.0,2.0,0.41751861572265625,41.95393340703298,42,-75,12,766,378,1230,251,68
-11,4,0,-11.0,4.0,0.424818754196167,30.498061986388393,42,-64,8,766,378,1230,251,68
-10,3,0,-10.0,3.0,0.43280959129333496,20.230987451824994,42,-54,5,766,378,1230,251,68
-8,2,0,-8.0,2.0,0.4408447742462158,12.097722286464439,42,-46,3,766,378,1230,251,68
-9,3,0,-9.0,3.0,0.44887471199035645,3.0,42,-37,0,766,378,1230,251,68
-8,3,0,-8.0,3.0,0.4568367004394531,-4.845240525773498,42,-29,-3,766,378,1230,251,68
-6,2,0,-6.0,2.0,0.4648628234863281,-10.46279540812036,42,-23,-5,766,378,1230,251,68
-6,2,0,-6.0,2.0,0.47315478324890137,-15.615223689149765,42,-17,-7,766,378,1230,251,68
-4,2,0,-4.0,2.0,0.4808998107910156,-18.188611699158102,42,-13,-9,766,378,1230,251,68
-4,2,0,-4.0,2.0,0.4887657165527344,-19.787329596448103,42,-9,-11,766,378,1230,251,68
0,0,1,-0.0,-0.0,0.4968736171722412,-19.787329596448103,42,-9,-11,766,378,1230,251,68
-1,1,1,-1.0,1.0,0.005185127258300781,311.6619480619503,43,326,49,1100,439,775,389,36
0,0,0,-0.0,-0.0,0.07615303993225098,311.6619480619503,43,326,49,1100,439,775,389,36
0,2,0,-0.0,2.0,0.1410970687866211,311.3706119252293,43,326,47,1100,439,775,389,36
2,4,0,2.0,4.0,0.14916491508483887,308.84093990808435,43,324,43,1100,439,775,389,36
1,5,0,1.0,5.0,0.15710711479187012,307.2276126038501,43,323,38,1100,439,775,389,36
2,4,0,2.0,4.0,0.1652669906616211,304.7956009613514,43,321,34,1100,439,775,389,36
3,6,0,3.0,6.0,0.1732189655303955,301.2303243741108,43,318,28,1100,439,775,389,36
5,7,0,5.0,7.0,0.18120193481445312,295.70368184004474,43,313,21,1100,439,775,389,36
6,6,0,6.0,6.0,0.18914008140563965,289.3662310664592,43,307,15,1100,439,775,389,36
7,6,0,7.0,6.0,0.19719696044921875,282.13496963866106,43,300,9,1100,439,775,389,36
9,6,0,9.0,6.0,0.2052440643310547,273.0154635066666,43,291,3,1100,439,775,389,36
12,5,0,12.0,5.0,0.21308493614196777,261.00716836669267,43,279,-2,1100,439,775,389,36
14,6,0,14.0,6.0,0.22123408317565918,247.12072721686621,43,265,-8,1100,439,775,389,36
17,6,0,17.0,6.0,0.22910714149475098,230.39484696748443,43,248,-14,1100,439,775,389,36
18,5,0,18.0,5.0,0.23721599578857422,212.7834482799839,43,230,-19,1100,439,775,389,36
18,4,0,18.0,4.0,0.2452559471130371,195.243991709028,43,212,-23,1100,439,775,389,36
19,4,0,19.0,4.0,0.2532501220703125,176.87944991712183,43,193,-27,1100,439,775,389,36
20,3,0,20.0,3.0,0.26122498512268066,157.58188972670274,43,173,-30,1100,439,775,389,36
18,3,0,18.0,3.0,0.26927709579467773,140.47397262642215,43,155,-33,1100,439,775,389,36
16,4,0,16.0,4.0,0.27730393409729004,125.84018909887459,43,139,-37,1100,439,775,389,36
14,3,0,14.0,3.0,0.2851691246032715,113.24404748406687,43,125,-40,1100,439,775,389,36
12,3,0,12.0,3.0,0.2930939197540283,102.90492132250036,43,113,-43,1100,439,775,389,36
11,2,0,11.0,2.0,0.3012681007385254,93.48542505637228,43,102,-45,1100,439,775,389,36
13,2,0,13.0,2.0,0.30926012992858887,82.64790112068906,43,89,-47,1100,439,775,389,36
14,2,0,14.0,2.0,0.3173680305480957,71.58794561770016,43,75,-49,1100,439,775,389,36
13,2,0,13.0,2.0,0.32520294189453125,62.2807573457052,43,62,-51,1100,439,775,389,36
12,1,0,12.0,1.0,0.3330659866333008,54.13875518748573,43,50,-52,1100,439,775,389,36
11,2,0,11.0,2.0,0.34118008613586426,48.610809933523555,43,39,-54,1100,439,775,389,36
8,0,0,8.0,-0.0,0.3492429256439209,44.26556030423239,43,31,-54,1100,439,775,389,36
8,0,0,8.0,-0.0,0.3571031093597412,40.69412236331676,43,23,-54,1100,439,775,389,36
8,0,0,8.0,-0.0,0.36519312858581543,38.04462507680822,43,15,-54,1100,439,775,389,36
7,-2,0,7.0,-2.0,0.3733079433441162,34.61178575186362,43,8,-52,1100,439,775,389,36
6,-1,0,6.0,-1.0,0.3811960220336914,33.03920062069938,43,2,-51,1100,439,775,389,36
5,-3,0,5.0,-3.0,0.3892080783843994,30.093658625644196,43,-3,-48,1100,439,775,389,36
4,-2,0,4.0,-2.0,0.3971891403198242,28.529560496527367,43,-7,-46,1100,439,775,389,36
5,-3,0,5.0,-3.0,0.40520811080932617,26.64302857109943,43,-12,-43,1100,439,775,389,36
4,-3,0,4.0,-3.0,0.4132421016693115,25.08131845707603,43,-16,-40,1100,439,775,389,36
4,-2,0,4.0,-2.0,0.42128801345825195,24.941821107167776,43,-20,-38,1100,439,775,389,36
3,-3,0,3.0,-3.0,0.42906904220581055,23.880783182743848,43,-23,-35,1100,439,775,389,36
3,-2,0,3.0,-2.0,0.4371910095214844,24.01190307520001,43,-26,-33,1100,439,775,389,36
2,-2,0,2.0,-2.0,0.4451780319213867,23.773197148410844,43,-28,-31,1100,439,775,389,36
1,-1,0,1.0,-1.0,0.4531271457672119,23.725292090050132,43,-29,-30,1100,439,775,389,36
0,-1,0,-0.0,-1.0,0.4613680839538574,23.012193308819754,43,-29,-29,1100,439,775,389,36
0,-1,0,-0.0,-1.0,0.46927809715270996,22.311288741492746,43,-29,-28,1100,439,775,389,36
0,-1,0,-0.0,-1.0,0.4772379398345947,21.6232255123179,43,-29,-27,1100,439,775,389,36
-1,-1,0,-1.0,-1.0,0.48520398139953613,20.209946349085598,43,-28,-26,1100,439,775,389,36
-2,-2,0,-2.0,-2.0,0.49327707290649414,17.383612025908263,43,-26,-24,1100,439,775,389,36
-2,-2,0,-2.0,-2.0,0.5011551380157471,14.557641192199412,43,-24,-22,1100,439,775,389,36
-2,-2,0,-2.0,-2.0,0.5090639591217041,11.732137494637012,43,-22,-20,1100,439,775,389,36
-3,-1,0,-3.0,-1.0,0.5172219276428223,8.870057685088806,43,-19,-19,1100,439,775,389,36
-2,-2,0,-2.0,-2.0,0.5252840518951416,6.041630560342615,43,-17,-17,1100,439,775,389,36
-1,-1,0,-1.0,-1.0,0.5332159996032715,4.627416997969522,43,-16,-16,1100,439,775,389,36
-1,-2,0,-1.0,-2.0,0.5412089824676514,2.5182845286831927,43,-15,-14,1100,439,775,389,36
-2,-1,0,-2.0,-1.0,0.5492429733276367,0.3847763108502349,43,-13,-13,1100,439,775,389,36
0,0,1,-0.0,-0.0,0.5761680603027344,0.3847763108502349,43,-13,-13,1100,439,775,389,36
0,0,0,-0.0,-0.0,0.07150483131408691,191.72047386182646,44,195,85,1308,537,1113,452,42
-1,0,0,-1.0,-0.0,0.07732176780700684,192.63754351705134,44,196,85,1308,537,1113,452,42
-1,0,0,-1.0,-0.0,0.08535575866699219,193.55535416297585,44,197,85,1308,537,1113,452,42
-1,0,0,-1.0,-0.0,0.09326362609863281,194.4738963308549,44,198,85,1308,537,1113,452,42
-1,0,0,-1.0,-0.0,0.10132575035095215,195.39316070523117,44,199,85,1308,537,1113,452,42
-1,0,0,-1.0,-0.0,0.11732077598571777,196.3131381210073,44,200,85,1308,537,1113,452,42
-1,0,0,-1.0,-0.0,0.12531065940856934,197.23381956058049,44,201,85,1308,537,1113,452,42
0,2,0,-0.0,2.0,0.13330769538879395,196.46264046957583,44,201,83,1308,537,1113,452,42
-2,1,0,-2.0,1.0,0.1412057876586914,197.93606372637652,44,203,82,1308,537,1113,452,42
-2,2,0,-2.0,2.0,0.14935564994812012,199.05681084665386,44,205,80,1308,537,1113,452,42
-3,2,0,-3.0,2.0,0.1572258472442627,201.14409737825582,44,208,78,1308,537,1113,452,42
-2,3,0,-2.0,3.0,0.16531062126159668,201.9910312097776,44,210,75,1308,537,1113,452,42
-1,2,0,-1.0,2.0,0.1732466220855713,202.27113561766106,44,211,73,1308,537,1113,452,42
-1,3,0,-1.0,3.0,0.18138766288757324,202.2576986354558,44,212,70,1308,537,1113,452,42
0,2,0,-0.0,2.0,0.18949079513549805,201.63872080121195,44,212,68,1308,537,1113,452,42
0,3,0,-0.0,3.0,0.19739365577697754,200.74083972060717,44,212,65,1308,537,1113,452,42
0,2,0,-0.0,2.0,0.20540380477905273,200.16283593768642,44,212,63,1308,537,1113,452,42
1,3,0,1.0,3.0,0.21333980560302734,198.36499264923745,44,211,60,1308,537,1113,452,42
2,3,0,2.0,3.0,0.22127962112426758,195.6333307688362,44,209,57,1308,537,1113,452,42
3,2,0,3.0,2.0,0.22929072380065918,192.21585306913744,44,206,55,1308,537,1113,452,42
4,2,0,4.0,2.0,0.23728561401367188,187.83725721240452,44,202,53,1308,537,1113,452,42
6,3,0,6.0,3.0,0.24531269073486328,181.27703774773843,44,196,50,1308,537,1113,452,42
8,5,0,8.0,5.0,0.2533397674560547,172.31063085097003,44,188,45,1308,537,1113,452,42
8,5,0,8.0,5.0,0.2613096237182617,163.39088914585776,44,180,40,1308,537,1113,452,42
9,6,0,9.0,6.0,0.26937270164489746,153.34735443934903,44,171,34,1308,537,1113,452,42
11,6,0,11.0,6.0,0.27776384353637695,141.43152403397562,44,160,28,1308,537,1113,452,42
12,6,0,12.0,6.0,0.285233736038208,128.6262009141447,44,148,22,1308,537,1113,452,42
13,7,0,13.0,7.0,0.29332470893859863,114.83077707206124,44,135,15,1308,537,1113,452,42
14,6,0,14.0,6.0,0.3011906147003174,100.33424908079334,44,121,9,1308,537,1113,452,42
14,7,0,14.0,7.0,0.30939173698425293,86.01868995647442,44,107,2,1308,537,1113,452,42
16,5,0,16.0,5.0,0.31731367111206055,70.0494371207203,44,91,-3,1308,537,1113,452,42
14,5,0,14.0,5.0,0.32529664039611816,56.41446893184762,44,77,-8,1308,537,1113,452,42
11,4,0,11.0,4.0,0.3333156108856201,46.08203932499369,44,66,-12,1308,537,1113,452,42
11,2,0,11.0,2.0,0.3413407802581787,35.753854494650845,44,55,-14,1308,537,1113,452,42
7,2,0,7.0,2.0,0.3494546413421631,29.596442562694072,44,48,-16,1308,537,1113,452,42
7,1,0,7.0,1.0,0.3572096824645996,23.384682042344295,44,41,-17,1308,537,1113,452,42
6,0,0,6.0,-0.0,0.36522579193115234,17.910152916687437,44,35,-17,1308,537,1113,452,42
4,0,0,4.0,-0.0,0.3731856346130371,14.355339059327378,44,31,-17,1308,537,1113,452,42
4,0,0,4.0,-0.0,0.3813047409057617,10.906112267087632,44,27,-17,1308,537,1113,452,42
4,0,0,4.0,-0.0,0.38928771018981934,7.600699292150182,44,23,-17,1308,537,1113,452,42
2,0,0,2.0,-0.0,0.3973526954650879,6.018512172212592,44,21,-17,1308,537,1113,452,42
2,-1,0,2.0,-1.0,0.40530967712402344,3.8394846967484426,44,19,-16,1308,537,1113,452,42
1,0,0,1.0,-0.0,0.4133186340332031,3.0831891575845916,44,18,-16,1308,537,1113,452,42
1,0,0,1.0,-0.0,0.4214017391204834,2.3452350598575045,44,17,-16,1308,537,1113,452,42
1,0,0,1.0,-0.0,0.4372987747192383,1.6274169979695223,44,16,-16,1308,537,1113,452,42
0,0,1,-0.0,-0.0,0.47934579849243164,1.6274169979695223,44,16,-16,1308,537,1113,452,42
0,0,0,-0.0,-0.0,0.058478355407714844,687.5098283798449,45,-665,217,627,770,1292,553,25
-1,0,0,-1.0,-0.0,0.1347193717956543,686.559231561648,45,-664,217,627,770,1292,553,25
-4,0,0,-4.0,-0.0,0.14273643493652344,682.7582313294316,45,-660,217,627,770,1292,553,25
-5,1,0,-5.0,1.0,0.1505885124206543,677.6963099799796,45,-655,216,627,770,1292,553,25
-5,1,0,-5.0,1.0,0.15848135948181152,672.6349392194354,45,-650,215,627,770,1292,553,25
-3,1,0,-3.0,1.0,0.166656494140625,669.4726700316015,45,-647,214,627,770,1292,553,25
-5,1,0,-5.0,1.0,0.1744544506072998,664.4118567854943,45,-642,213,627,770,1292,553,25
-5,1,0,-5.0,1.0,0.18246030807495117,659.3516217303717,45,-637,212,627,770,1292,553,25
-6,2,0,-6.0,2.0,0.19068050384521484,653.0270671183241,45,-631,210,627,770,1292,553,25
-6,2,0,-6.0,2.0,0.1986074447631836,646.7025125198779,45,-625,208,627,770,1292,553,25
-8,3,0,-8.0,3.0,0.20664548873901367,638.1645945451044,45,-617,205,627,770,1292,553,25
-10,2,0,-10.0,2.0,0.21471738815307617,628.0453108960334,45,-607,203,627,770,1292,553,25
-13,4,0,-13.0,4.0,0.22262048721313477,614.447922815616,45,-594,199,627,770,1292,553,25
-13,3,0,-13.0,3.0,0.23050332069396973,601.1696339513235,45,-581,196,627,770,1292,553,25
-15,5,0,-15.0,5.0,0.23863530158996582,585.3583514106085,45,-566,191,627,770,1292,553,25
-18,5,0,-18.0,5.0,0.24666833877563477,566.7054518492115,45,-548,186,627,770,1292,553,25
-19,4,0,-19.0,4.0,0.25459742546081543,547.4327484157501,45,-529,182,627,770,1292,553,25
-21,6,0,-21.0,6.0,0.26259446144104004,525.6244042079935,45,-508,176,627,770,1292,553,25
-22,5,0,-22.0,5.0,0.27060747146606445,503.2057841290216,45,-486,171,627,770,1292,553,25
-23,6,0,-23.0,6.0,0.27865147590637207,479.5221256464453,45,-463,165,627,770,1292,553,25
-23,5,0,-23.0,5.0,0.2864522933959961,456.187996428785,45,-440,160,627,770,1292,553,25
-25,7,0,-25.0,7.0,0.2945113182067871,430.30532440837743,45,-415,153,627,770,1292,553,25
-24,6,0,-24.0,6.0,0.3025343418121338,405.7200019151585,45,-391,147,627,770,1292,553,25
-24,6,0,-24.0,6.0,0.3105595111846924,381.15391388106514,45,-367,141,627,770,1292,553,25
-23,7,0,-23.0,7.0,0.31847548484802246,357.17746410093883,45,-344,134,627,770,1292,553,25
-20,6,0,-20.0,6.0,0.32656335830688477,336.36762191684807,45,-324,128,627,770,1292,553,25
-21,5,0,-21.0,5.0,0.3346114158630371,315.0137611783333,45,-303,123,627,770,1292,553,25
-17,6,0,-17.0,6.0,0.34262537956237793,297.00647242412253,45,-286,117,627,770,1292,553,25
-16,5,0,-16.0,5.0,0.35059046745300293,280.30805667993485,45,-270,112,627,770,1292,553,25
-16,4,0,-16.0,4.0,0.35849547386169434,264.00724628168734,45,-254,108,627,770,1292,553,25
-15,6,0,-15.0,6.0,0.3665804862976074,247.85572920372567,45,-239,102,627,770,1292,553,25
-16,7,0,-16.0,7.0,0.3744804859161377,230.39224410034245,45,-223,95,627,770,1292,553,25
-16,6,0,-16.0,6.0,0.3825693130493164,213.32199182503248,45,-207,89,627,770,1292,553,25
-15,7,0,-15.0,7.0,0.39063048362731934,196.7773934122179,45,-192,82,627,770,1292,553,25
-16,6,0,-16.0,6.0,0.3986074924468994,179.70811146114815,45,-176,76,627,770,1292,553,25
-12,5,0,-12.0,5.0,0.40663647651672363,166.70926109186397,45,-164,71,627,770,1292,553,25
-12,5,0,-12.0,5.0,0.4147334098815918,153.71059109181888,45,-152,66,627,770,1292,553,25
-10,4,0,-10.0,4.0,0.42258739471435547,142.94515158597252,45,-142,62,627,770,1292,553,25
-9,4,0,-9.0,4.0,0.43062734603881836,133.09651959988565,45,-133,58,627,770,1292,553,25
-8,3,0,-8.0,3.0,0.4385793209075928,124.56500283747664,45,-125,55,627,770,1292,553,25
-8,4,0,-8.0,4.0,0.44645047187805176,115.63228431709588,45,-117,51,627,770,1292,553,25
-7,4,0,-7.0,4.0,0.45459747314453125,107.6202324023825,45,-110,47,627,770,1292,553,25
-8,4,0,-8.0,4.0,0.46253037452697754,98.69326989478628,45,-102,43,627,770,1292,553,25
-7,3,0,-7.0,3.0,0.47071242332458496,91.07764064044152,45,-95,40,627,770,1292,553,25
-6,3,0,-6.0,3.0,0.4786214828491211,84.38464608017192,45,-89,37,627,770,1292,553,25
-3,2,0,-3.0,2.0,0.48659348487854004,80.84934033152847,45,-86,35,627,770,1292,553,25
-3,2,0,-3.0,2.0,0.4944784641265869,77.31965069345043,45,-83,33,627,770,1292,553,25
-2,1,0,-2.0,1.0,0.5026824474334717,75.09190547921202,45,-81,32,627,770,1292,553,25
-1,1,0,-1.0,1.0,0.5105423927307129,73.7962703152066,45,-80,31,627,770,1292,553,25
-1,0,0,-1.0,-0.0,0.5186443328857422,72.86459803710851,45,-79,31,627,770,1292,553,25
-1,1,0,-1.0,1.0,0.5267283916473389,71.57032966310472,45,-78,30,627,770,1292,553,25
-1,1,0,-1.0,1.0,0.5345954895019531,70.28000972289685,45,-77,29,627,770,1292,553,25
-1,1,0,-1.0,1.0,0.542729377746582,68.99382692526635,45,-76,28,627,770,1292,553,25
-1,1,0,-1.0,1.0,0.550605297088623,67.71198153351854,45,-75,27,627,770,1292,553,25
-1,1,0,-1.0,1.0,0.5586874485015869,66.43468620451031,45,-74,26,627,770,1292,553,25
-2,1,0,-2.0,1.0,0.5665843486785889,64.21679604916491,45,-72,25,627,770,1292,553,25
-1,1,0,-1.0,1.0,0.5744874477386475,62.94664769020693,45,-71,24,627,770,1292,553,25
-2,1,0,-2.0,1.0,0.5826373100280762,60.73238618387272,45,-69,23,627,770,1292,553,25
-2,2,0,-2.0,2.0,0.5905234813690186,58.21395872616783,45,-67,21,627,770,1292,553,25
-2,1,0,-2.0,1.0,0.5984883308410645,56.007352543677214,45,-65,20,627,770,1292,553,25
-2,1,0,-2.0,1.0,0.6066102981567383,53.80273550544841,45,-63,19,627,770,1292,553,25
-2,1,0,-2.0,1.0,0.6146724224090576,51.60031446463138,45,-61,18,627,770,1292,553,25
-2,0,0,-2.0,-0.0,0.6228594779968262,49.68468205316454,45,-59,18,627,770,1292,553,25
-3,2,0,-3.0,2.0,0.630521297454834,46.240879114244144,45,-56,16,627,770,1292,553,25
-4,2,0,-4.0,2.0,0.6385912895202637,41.85164807134504,45,-52,14,627,770,1292,553,25
-5,2,0,-5.0,2.0,0.6465604305267334,36.507731342539614,45,-47,12,627,770,1292,553,25
-4,2,0,-4.0,2.0,0.6545553207397461,32.14748010928823,45,-43,10,627,770,1292,553,25
-4,1,0,-4.0,1.0,0.6624693870544434,28.024992192379003,45,-39,9,627,770,1292,553,25
-4,1,0,-4.0,1.0,0.6706554889678955,23.90264614203248,45,-35,8,627,770,1292,553,25
-3,1,0,-3.0,1.0,0.6785614490509033,20.756678708318397,45,-32,7,627,770,1292,553,25
-4,1,0,-4.0,1.0,0.6866273880004883,16.635642126552707,45,-28,6,627,770,1292,553,25
-4,1,0,-4.0,1.0,0.6945574283599854,12.515301344262525,45,-24,5,627,770,1292,553,25
-4,1,0,-4.0,1.0,0.7025694847106934,8.396078054371138,45,-20,4,627,770,1292,553,25
-3,1,0,-3.0,1.0,0.7106263637542725,5.262676501632068,45,-17,3,627,770,1292,553,25
-2,0,0,-2.0,-0.0,0.718597412109375,3.2970585407783553,45,-15,3,627,770,1292,553,25
-1,0,0,-1.0,-0.0,0.7264764308929443,2.3178210632763534,45,-14,3,627,770,1292,553,25
-1,0,0,-1.0,-0.0,0.7344653606414795,1.3416640641263342,45,-13,3,627,770,1292,553,25
-2,0,0,-2.0,-0.0,0.7425153255462646,-0.5982457490086208,45,-11,3,627,770,1292,553,25
0,0,1,-0.0,-0.0,0.8027124404907227,-0.5982457490086208,45,-11,3,627,770,1292,553,25
0,0,0,-0.0,-0.0,0.03517293930053711,384.6287137786896,46,293,299,931,1066,638,767,68
1,-1,0,1.0,-1.0,0.13119983673095703,384.64543470579014,46,292,300,931,1066,638,767,68
2,-1,0,2.0,-1.0,0.1392378807067871,383.9724871328255,46,290,301,931,1066,638,767,68
1,-1,0,1.0,-1.0,0.14737582206726074,384.0011961705373,46,289,302,931,1066,638,767,68
1,-2,0,1.0,-2.0,0.15526986122131348,384.7600745056768,46,288,304,931,1066,638,767,68
2,-1,0,2.0,-1.0,0.16324090957641602,384.1160126089409,46,286,305,931,1066,638,767,68
2,-1,0,2.0,-1.0,0.1712648868560791,383.4829337829272,46,284,306,931,1066,638,767,68
2,-1,0,2.0,-1.0,0.17917895317077637,382.8608880669905,46,282,307,931,1066,638,767,68
2,0,0,2.0,-0.0,0.18720293045043945,381.51052934913696,46,280,307,931,1066,638,767,68
3,0,0,3.0,-0.0,0.19525694847106934,379.4948609112331,46,277,307,931,1066,638,767,68
3,0,0,3.0,-0.0,0.20322775840759277,377.4911906711977,46,274,307,931,1066,638,767,68
3,0,0,3.0,-0.0,0.21110796928405762,375.49969474958095,46,271,307,931,1066,638,767,68
3,2,0,3.0,2.0,0.21916890144348145,372.01600953656987,46,268,305,931,1066,638,767,68
5,2,0,5.0,2.0,0.22725486755371094,367.2206375549493,46,263,303,931,1066,638,767,68
5,4,0,5.0,4.0,0.23526287078857422,360.9240433298535,46,258,299,931,1066,638,767,68
6,5,0,6.0,5.0,0.24333691596984863,353.22086720630125,46,252,294,931,1066,638,767,68
7,5,0,7.0,5.0,0.25124597549438477,344.87464945546304,46,245,289,931,1066,638,767,68
6,7,0,6.0,7.0,0.25926995277404785,335.655244788979,46,239,282,931,1066,638,767,68
7,8,0,7.0,8.0,0.26711487770080566,325.02646142032484,46,232,274,931,1066,638,767,68
7,10,0,7.0,10.0,0.2751638889312744,312.8731756708783,46,225,264,931,1066,638,767,68
9,13,0,9.0,13.0,0.2831108570098877,297.14498335321343,46,216,251,931,1066,638,767,68
10,13,0,10.0,13.0,0.2913038730621338,280.7697571241558,46,206,238,931,1066,638,767,68
10,15,0,10.0,15.0,0.2992398738861084,262.89223634174067,46,196,223,931,1066,638,767,68
9,14,0,9.0,14.0,0.3072929382324219,246.44607324760318,46,187,209,931,1066,638,767,68
10,13,0,10.0,13.0,0.3153228759765625,230.09278672466615,46,177,196,931,1066,638,767,68
9,14,0,9.0,14.0,0.32332897186279297,213.68528418135784,46,168,182,931,1066,638,767,68
10,13,0,10.0,13.0,0.3312098979949951,197.3547060251855,46,158,169,931,1066,638,767,68
13,15,0,13.0,15.0,0.33922290802001953,177.52068456772733,46,145,154,931,1066,638,767,68
19,21,0,19.0,21.0,0.34723877906799316,149.20753259623362,46,126,133,931,1066,638,767,68
20,23,0,20.0,23.0,0.35530781745910645,118.76125163142649,46,106,110,931,1066,638,767,68
18,21,0,18.0,21.0,0.3632347583770752,91.15989773086265,46,88,89,931,1066,638,767,68
15,17,0,15.0,17.0,0.3712038993835449,68.53292154230269,46,73,72,931,1066,638,767,68
11,13,0,11.0,13.0,0.37929677963256836,51.58621384311844,46,62,59,931,1066,638,767,68
10,12,0,10.0,12.0,0.387239933013916,36.092795635500224,46,52,47,931,1066,638,767,68
10,9,0,10.0,9.0,0.3953108787536621,22.639209034025185,46,42,38,931,1066,638,767,68
9,10,0,9.0,10.0,0.4030947685241699,9.278170016764804,46,33,28,931,1066,638,767,68
7,7,0,7.0,7.0,0.41112589836120605,-0.5784500658631941,46,26,21,931,1066,638,767,68
6,5,0,6.0,5.0,0.4191758632659912,-8.387503050268606,46,20,16,931,1066,638,767,68
4,2,0,4.0,2.0,0.4271228313446045,-12.7397083745307,46,16,14,931,1066,638,767,68
1,1,0,1.0,1.0,0.43520498275756836,-14.150566758720792,46,15,13,931,1066,638,767,68
-1,0,0,-1.0,-0.0,0.475308895111084,-13.384471871911696,46,16,13,931,1066,638,767,68
-1,0,0,-1.0,-0.0,0.48316478729248047,-12.599065440967305,46,17,13,931,1066,638,767,68
0,0,1,-0.0,-0.0,0.5233299732208252,-12.599065440967305,46,17,13,931,1066,638,767,68
0,0,0,-0.0,-0.0,0.0706179141998291,841.320316488426,47,-812,-249,102,804,914,1053,16
2,-2,0,2.0,-2.0,0.11764287948608398,842.6497516604587,47,-814,-247,102,804,914,1053,16
2,-3,0,2.0,-3.0,0.12562894821166992,843.6994775153969,47,-816,-244,102,804,914,1053,16
4,-4,0,4.0,-4.0,0.13372588157653809,846.4003745317531,47,-820,-240,102,804,914,1053,16
4,-5,0,4.0,-5.0,0.1417858600616455,848.8552970017749,47,-824,-235,102,804,914,1053,16
3,-6,0,3.0,-6.0,0.14962291717529297,850.1200382230915,47,-827,-229,102,804,914,1053,16
5,-6,0,5.0,-6.0,0.15759587287902832,853.3669369090039,47,-832,-223,102,804,914,1053,16
4,-7,0,4.0,-7.0,0.16549992561340332,855.4535308862892,47,-836,-216,102,804,914,1053,16
3,-9,0,3.0,-9.0,0.17364001274108887,856.1585502672527,47,-839,-207,102,804,914,1053,16
3,-8,0,3.0,-8.0,0.18165802955627441,857.1965094705364,47,-842,-199,102,804,914,1053,16
2,-7,0,2.0,-7.0,0.18976497650146484,857.563400335296,47,-844,-192,102,804,914,1053,16
0,-7,0,-0.0,-7.0,0.19788885116577148,856.037614921943,47,-844,-185,102,804,914,1053,16
-2,-7,0,-2.0,-7.0,0.20566701889038086,852.6090866357384,47,-842,-178,102,804,914,1053,16
-3,-10,0,-3.0,-10.0,0.21369695663452148,847.6547200828147,47,-839,-168,102,804,914,1053,16
-6,-10,0,-6.0,-10.0,0.2217109203338623,839.8519918004557,47,-833,-158,102,804,914,1053,16
-9,-10,0,-9.0,-10.0,0.22959399223327637,829.1857619429513,47,-824,-148,102,804,914,1053,16
-14,-10,0,-14.0,-10.0,0.23757600784301758,813.6714671935493,47,-810,-138,102,804,914,1053,16
-16,-11,0,-16.0,-11.0,0.24561595916748047,796.0926563524878,47,-794,-127,102,804,914,1053,16
-19,-8,0,-19.0,-8.0,0.253572940826416,776.082903779951,47,-775,-119,102,804,914,1053,16
-20,-7,0,-20.0,-7.0,0.2615649700164795,755.2620781880887,47,-755,-112,102,804,914,1053,16
-24,-6,0,-24.0,-6.0,0.2696409225463867,730.64538176313,47,-731,-106,102,804,914,1053,16
-29,-7,0,-29.0,-7.0,0.27776288986206055,700.9464013590872,47,-702,-99,102,804,914,1053,16
-34,-8,0,-34.0,-8.0,0.28571581840515137,666.1698599017906,47,-668,-91,102,804,914,1053,16
-39,-7,0,-39.0,-7.0,0.2936849594116211,626.5841157797759,47,-629,-84,102,804,914,1053,16
-41,-7,0,-41.0,-7.0,0.3016238212585449,585.0202357424239,47,-588,-77,102,804,914,1053,16
-42,-7,0,-42.0,-7.0,0.3095438480377197,542.46889103745,47,-546,-70,102,804,914,1053,16
-41,-6,0,-41.0,-6.0,0.3176889419555664,501.0392912143423,47,-505,-64,102,804,914,1053,16
-39,-7,0,-39.0,-7.0,0.3256649971008301,461.4731089210542,47,-466,-57,102,804,914,1053,16
-35,-6,0,-35.0,-6.0,0.33368492126464844,426.00691238734896,47,-431,-51,102,804,914,1053,16
-31,-5,0,-31.0,-5.0,0.3416268825531006,394.6363123216782,47,-400,-46,102,804,914,1053,16
-28,-5,0,-28.0,-5.0,0.34971189498901367,366.25258850140233,47,-372,-41,102,804,914,1053,16
-26,-4,0,-26.0,-4.0,0.3576629161834717,339.9727000786125,47,-346,-37,102,804,914,1053,16
-22,-4,0,-22.0,-4.0,0.3656888008117676,317.6762195801222,47,-324,-33,102,804,914,1053,16
-20,-3,0,-20.0,-3.0,0.3735527992248535,297.4766766874355,47,-304,-30,102,804,914,1053,16
-17,-2,0,-17.0,-2.0,0.38161683082580566,280.36261893664374,47,-287,-28,102,804,914,1053,16
-15,-2,0,-15.0,-2.0,0.3895249366760254,265.2398214023717,47,-272,-26,102,804,914,1053,16
-14,-1,0,-14.0,-1.0,0.3976428508758545,251.20841035738016,47,-258,-25,102,804,914,1053,16
-13,-1,0,-13.0,-1.0,0.40571093559265137,238.17270360460358,47,-245,-24,102,804,914,1053,16
-13,-1,0,-13.0,-1.0,0.4136238098144531,225.13729860320507,47,-232,-23,102,804,914,1053,16
-11,-2,0,-11.0,-2.0,0.42163681983947754,213.9954954497951,47,-221,-21,102,804,914,1053,16
-9,-1,0,-9.0,-1.0,0.4296438694000244,204.94130646729863,47,-212,-20,102,804,914,1053,16
-10,-1,0,-10.0,-1.0,0.43776488304138184,194.89159667172024,47,-202,-19,102,804,914,1053,16
-8,-1,0,-8.0,-1.0,0.44574999809265137,186.83326204732086,47,-194,-18,102,804,914,1053,16
-8,-2,0,-8.0,-2.0,0.45355796813964844,178.68690366493306,47,-186,-16,102,804,914,1053,16
-8,-2,0,-8.0,-2.0,0.46163082122802734,170.54971296532514,47,-178,-14,102,804,914,1053,16
-8,-1,0,-8.0,-1.0,0.469667911529541,162.49633427144408,47,-170,-13,102,804,914,1053,16
-9,-3,0,-9.0,-3.0,0.4775979518890381,153.31026005806325,47,-161,-10,102,804,914,1053,16
-9,-2,0,-9.0,-2.0,0.4856410026550293,144.21038072352357,47,-152,-8,102,804,914,1053,16
-9,-3,0,-9.0,-3.0,0.49367189407348633,135.0873858870865,47,-143,-5,102,804,914,1053,16
-8,-2,0,-8.0,-2.0,0.5015738010406494,127.03332921912278,47,-135,-3,102,804,914,1053,16
-8,-2,0,-8.0,-2.0,0.5095298290252686,119.00393694685216,47,-127,-1,102,804,914,1053,16
-8,-2,0,-8.0,-2.0,0.5175848007202148,111.00420160649792,47,-119,1,102,804,914,1053,16
-7,-1,0,-7.0,-1.0,0.5255398750305176,104.01785571952357,47,-112,2,102,804,914,1053,16
-7,-1,0,-7.0,-1.0,0.5335259437561035,97.04284840006957,47,-105,3,102,804,914,1053,16
-8,-1,0,-8.0,-1.0,0.5417449474334717,89.082439194738,47,-97,4,102,804,914,1053,16
-7,-1,0,-7.0,-1.0,0.5496728420257568,82.13878188659973,47,-90,5,102,804,914,1053,16
-9,-1,0,-9.0,-1.0,0.5576789379119873,73.2219182240853,47,-81,6,102,804,914,1053,16
-10,0,0,-10.0,-0.0,0.5656149387359619,63.25307010929424,47,-71,6,102,804,914,1053,16
-9,-1,0,-9.0,-1.0,0.573577880859375,54.39390995922599,47,-62,7,102,804,914,1053,16
-9,0,0,-9.0,-0.0,0.5818037986755371,45.46026561849464,47,-53,7,102,804,914,1053,16
-8,0,0,-8.0,-0.0,0.5896928310394287,37.5411901469428,47,-45,7,102,804,914,1053,16
-6,-1,0,-6.0,-1.0,0.597510814666748,31.812058474788763,47,-39,8,102,804,914,1053,16
-6,0,0,-6.0,-0.0,0.6056149005889893,25.955853692699293,47,-33,8,102,804,914,1053,16
-5,-1,0,-5.0,-1.0,0.6135399341583252,21.410882339705484,47,-28,9,102,804,914,1053,16
-5,0,0,-5.0,-0.0,0.6216378211975098,16.698178070456937,47,-23,9,102,804,914,1053,16
-4,-1,0,-4.0,-1.0,0.6296160221099854,13.470910553583888,47,-19,10,102,804,914,1053,16
-4,0,0,-4.0,-0.0,0.6376469135284424,10.027756377319946,47,-15,10,102,804,914,1053,16
-4,0,0,-4.0,-0.0,0.6456599235534668,6.866068747318506,47,-11,10,102,804,914,1053,16
-3,0,0,-3.0,-0.0,0.6536369323730469,4.806248474865697,47,-8,10,102,804,914,1053,16
-1,0,0,-1.0,-0.0,0.661646842956543,4.206555615733702,47,-7,10,102,804,914,1053,16
0,0,1,-0.0,-0.0,0.801649808883667,4.206555615733702,47,-7,10,102,804,914,1053,16
0,0,0,-0.0,-0.0,0.05742669105529785,1279.2766319454277,48,1236,-384,1345,410,109,794,31
1,0,0,1.0,-0.0,0.14052557945251465,1278.321692387474,48,1235,-384,1345,410,109,794,31
4,-2,0,4.0,-2.0,0.14840960502624512,1273.908452916653,48,1231,-382,1345,410,109,794,31
4,-2,0,4.0,-2.0,0.15637969970703125,1269.4956208566848,48,1227,-380,1345,410,109,794,31
4,-2,0,4.0,-2.0,0.1645946502685547,1265.0832004209726,48,1223,-378,1345,410,109,794,31
5,-2,0,5.0,-2.0,0.1725916862487793,1259.7156545677158,48,1218,-376,1345,410,109,794,31
7,-4,0,7.0,-4.0,0.18047666549682617,1251.8484518678624,48,1211,-372,1345,410,109,794,31
9,-4,0,9.0,-4.0,0.1885225772857666,1242.0711992564304,48,1202,-368,1345,410,109,794,31
12,-4,0,12.0,-4.0,0.19649457931518555,1229.4259720851217,48,1190,-364,1345,410,109,794,31
18,-6,0,18.0,-6.0,0.20461273193359375,1210.4582816236546,48,1172,-358,1345,410,109,794,31
25,-6,0,25.0,-6.0,0.2126016616821289,1184.7970661741092,48,1147,-352,1345,410,109,794,31
30,-5,0,30.0,-5.0,0.22044873237609863,1154.6572147428494,48,1117,-347,1345,410,109,794,31
34,-6,0,34.0,-6.0,0.22840666770935059,1120.4162232415035,48,1083,-341,1345,410,109,794,31
38,-6,0,38.0,-6.0,0.23653864860534668,1082.3832511934925,48,1045,-335,1345,410,109,794,31
40,-6,0,40.0,-6.0,0.24454951286315918,1042.4809690958982,48,1005,-329,1345,410,109,794,31
42,-8,0,42.0,-8.0,0.2525045871734619,1000.0911289140498,48,963,-321,1345,410,109,794,31
44,-10,0,44.0,-10.0,0.2605016231536865,955.1968872347509,48,919,-311,1345,410,109,794,31
46,-15,0,46.0,-15.0,0.2685885429382324,906.8161421888857,48,873,-296,1345,410,109,794,31
50,-19,0,50.0,-19.0,0.276505708694458,853.3651305758425,48,823,-277,1345,410,109,794,31
49,-21,0,49.0,-21.0,0.2844686508178711,800.2373887402368,48,774,-256,1345,410,109,794,31
44,-19,0,44.0,-19.0,0.2925295829772949,752.5083061439791,48,730,-237,1345,410,109,794,31
38,-16,0,38.0,-16.0,0.3005106449127197,711.4330664280089,48,692,-221,1345,410,109,794,31
35,-14,0,35.0,-14.0,0.30856871604919434,673.8381522534884,48,657,-207,1345,410,109,794,31
32,-14,0,32.0,-14.0,0.31665873527526855,639.1207839535448,48,625,-193,1345,410,109,794,31
29,-14,0,29.0,-14.0,0.3244936466217041,607.2997669933679,48,596,-179,1345,410,109,794,31
28,-16,0,28.0,-16.0,0.3326246738433838,575.9255452254539,48,568,-163,1345,410,109,794,31
26,-15,0,26.0,-15.0,0.3407866954803467,546.8433945504744,48,542,-148,1345,410,109,794,31
27,-14,0,27.0,-14.0,0.34839773178100586,517.1475359334102,48,515,-134,1345,410,109,794,31
23,-11,0,23.0,-11.0,0.35656261444091797,492.1419919509722,48,492,-123,1345,410,109,794,31
22,-10,0,22.0,-10.0,0.3643636703491211,468.3932146813813,48,470,-113,1345,410,109,794,31
17,-6,0,17.0,-6.0,0.37247753143310547,450.4653585391721,48,453,-107,1345,410,109,794,31
13,-6,0,13.0,-6.0,0.38050270080566406,436.4432411721323,48,440,-101,1345,410,109,794,31
10,-4,0,10.0,-4.0,0.3885056972503662,425.80494552579603,48,430,-97,1345,410,109,794,31
7,-2,0,7.0,-2.0,0.3965165615081787,418.53661898391005,48,423,-95,1345,410,109,794,31
5,-1,0,5.0,-1.0,0.404430627822876,413.43902716722715,48,418,-94,1345,410,109,794,31
4,-1,0,4.0,-1.0,0.41253066062927246,409.3170984063687,48,414,-93,1345,410,109,794,31
7,-2,0,7.0,-2.0,0.42046260833740234,402.0491577739967,48,407,-91,1345,410,109,794,31
9,-1,0,9.0,-1.0,0.4285097122192383,393.0490166634396,48,398,-90,1345,410,109,794,31
13,-3,0,13.0,-3.0,0.4364495277404785,379.70748662775577,48,385,-87,1345,410,109,794,31
15,-1,0,15.0,-1.0,0.4445066452026367,364.8631332466998,48,370,-86,1345,410,109,794,31
17,-2,0,17.0,-2.0,0.45241570472717285,347.8567210346255,48,353,-84,1345,410,109,794,31
16,-1,0,16.0,-1.0,0.46056652069091797,332.0705980056507,48,337,-83,1345,410,109,794,31
16,0,0,16.0,-0.0,0.468672513961792,316.5569332708939,48,321,-83,1345,410,109,794,31
14,-1,0,14.0,-1.0,0.4764976501464844,302.7624899197512,48,307,-82,1345,410,109,794,31
14,-1,0,14.0,-1.0,0.48448753356933594,288.99013141876827,48,293,-81,1345,410,109,794,31
15,-1,0,15.0,-1.0,0.49242353439331055,274.28186946298587,48,278,-80,1345,410,109,794,31
16,-2,0,16.0,-2.0,0.5003817081451416,258.3642258965134,48,262,-78,1345,410,109,794,31
16,-3,0,16.0,-3.0,0.5084655284881592,242.17892604177348,48,246,-75,1345,410,109,794,31
15,-2,0,15.0,-2.0,0.5164785385131836,227.26019070412704,48,231,-73,1345,410,109,794,31
14,-1,0,14.0,-1.0,0.5245625972747803,213.63289352147035,48,217,-72,1345,410,109,794,31
12,-2,0,12.0,-2.0,0.5325627326965332,201.6217902243447,48,205,-70,1345,410,109,794,31
9,-1,0,9.0,-1.0,0.5404925346374512,192.79076014106113,48,196,-69,1345,410,109,794,31
6,-1,0,6.0,-1.0,0.548560619354248,186.8018830437417,48,190,-68,1345,410,109,794,31
5,-1,0,5.0,-1.0,0.5565235614776611,181.7587355112855,48,185,-67,1345,410,109,794,31
6,-2,0,6.0,-2.0,0.5644495487213135,175.43634106966033,48,179,-65,1345,410,109,794,31
6,-2,0,6.0,-2.0,0.57254958152771,169.1140950606444,48,173,-63,1345,410,109,794,31
6,-2,0,6.0,-2.0,0.5804765224456787,162.79201331893398,48,167,-61,1345,410,109,794,31
7,-3,0,7.0,-3.0,0.588477611541748,155.18813119603846,48,160,-58,1345,410,109,794,31
7,-3,0,7.0,-3.0,0.5965795516967773,147.58536219475602,48,153,-55,1345,410,109,794,31
6,-1,0,6.0,-1.0,0.6044955253601074,141.60459763365824,48,147,-54,1345,410,109,794,31
4,-3,0,4.0,-3.0,0.6125466823577881,136.82226450688975,48,143,-51,1345,410,109,794,31
4,-2,0,4.0,-2.0,0.6204936504364014,132.38385257551113,48,139,-49,1345,410,109,794,31
4,-2,0,4.0,-2.0,0.6285605430603027,127.94754282603111,48,135,-47,1345,410,109,794,31
5,-3,0,5.0,-3.0,0.6367967128753662,122.2443077143821,48,130,-44,1345,410,109,794,31
5,-3,0,5.0,-3.0,0.6445105075836182,116.55227098001768,48,125,-41,1345,410,109,794,31
5,-3,0,5.0,-3.0,0.6524786949157715,110.8729518204765,48,120,-38,1345,410,109,794,31
5,-4,0,5.0,-4.0,0.6605236530303955,104.9208072020865,48,115,-34,1345,410,109,794,31
7,-3,0,7.0,-3.0,0.6685235500335693,97.36102527122117,48,108,-31,1345,410,109,794,31
7,-4,0,7.0,-4.0,0.6764445304870605,89.546640309481,48,101,-27,1345,410,109,794,31
6,-3,0,6.0,-3.0,0.6844897270202637,82.98469268207153,48,95,-24,1345,410,109,794,31
5,-2,0,5.0,-2.0,0.6925356388092041,77.64987857520376,48,90,-22,1345,410,109,794,31
3,-1,0,3.0,-1.0,0.7006466388702393,74.49860334105779,48,87,-21,1345,410,109,794,31
2,-1,0,2.0,-1.0,0.7086336612701416,72.32124598286491,48,85,-20,1345,410,109,794,31
2,-1,0,2.0,-1.0,0.7164585590362549,70.14693182963201,48,83,-19,1345,410,109,794,31
2,0,0,2.0,-0.0,0.7244126796722412,68.19855767980596,48,81,-19,1345,410,109,794,31
3,-1,0,3.0,-1.0,0.7324867248535156,65.049984384758,48,78,-18,1345,410,109,794,31
4,-2,0,4.0,-2.0,0.7405705451965332,60.7099729229908,48,74,-16,1345,410,109,794,31
4,-1,0,4.0,-1.0,0.7484986782073975,56.58910531638176,48,70,-15,1345,410,109,794,31
4,-1,0,4.0,-1.0,0.7565116882324219,52.468511173732,48,66,-14,1345,410,109,794,31
4,-2,0,4.0,-2.0,0.7645916938781738,48.150613615387776,48,62,-12,1345,410,109,794,31
4,-2,0,4.0,-2.0,0.7725117206573486,43.855755878248644,48,58,-10,1345,410,109,794,31
4,-1,0,4.0,-1.0,0.7805025577545166,39.74486277268398,48,54,-9,1345,410,109,794,31
5,-1,0,5.0,-1.0,0.7884335517883301,34.64876634922564,48,49,-8,1345,410,109,794,31
4,-2,0,4.0,-2.0,0.7964687347412109,30.398237851264668,48,45,-6,1345,410,109,794,31
4,-1,0,4.0,-1.0,0.80440354347229,26.303752856126764,48,41,-5,1345,410,109,794,31
2,-1,0,2.0,-1.0,0.8125085830688477,24.204591567825318,48,39,-4,1345,410,109,794,31
2,-1,0,2.0,-1.0,0.8205645084381104,22.12142238654117,48,37,-3,1345,410,109,794,31
2,0,0,2.0,-0.0,0.8284835815429688,20.128336140500593,48,35,-3,1345,410,109,794,31
2,-1,0,2.0,-1.0,0.8364765644073486,18.06055050963308,48,33,-2,1345,410,109,794,31
1,-1,0,1.0,-1.0,0.8443946838378906,17.015621187164243,48,32,-1,1345,410,109,794,31
1,0,0,1.0,-0.0,0.8525686264038086,16.016124838541646,48,31,-1,1345,410,109,794,31
2,-1,0,2.0,-1.0,0.8603825569152832,14.0,48,29,0,1345,410,109,794,31
1,-1,0,1.0,-1.0,0.8684935569763184,13.0178514522438,48,28,1,1345,410,109,794,31
2,0,0,2.0,-0.0,0.8763935565948486,11.019223662515376,48,26,1,1345,410,109,794,31
1,-1,0,1.0,-1.0,0.8843815326690674,10.079872407968907,48,25,2,1345,410,109,794,31
1,0,0,1.0,-0.0,0.8925125598907471,9.083189157584592,48,24,2,1345,410,109,794,31
0,0,1,-0.0,-0.0,0.9163775444030762,9.083189157584592,48,24,2,1345,410,109,794,31
0,0,0,-0.0,-0.0,0.08195233345031738,698.8001130262696,49,-590,391,731,799,1321,408,19
-2,0,0,-2.0,-0.0,0.11787247657775879,697.1338400048535,49,-588,391,731,799,1321,408,19
-2,2,0,-2.0,2.0,0.12586736679077148,694.3612158770201,49,-586,389,731,799,1321,408,19
-3,2,0,-3.0,2.0,0.13392925262451172,690.7556716454679,49,-583,387,731,799,1321,408,19
-3,3,0,-3.0,3.0,0.1418912410736084,686.5975848146685,49,-580,384,731,799,1321,408,19
-3,3,0,-3.0,3.0,0.14975643157958984,682.4405252803743,49,-577,381,731,799,1321,408,19
-2,2,0,-2.0,2.0,0.15790033340454102,679.6697321648455,49,-575,379,731,799,1321,408,19
-3,3,0,-3.0,3.0,0.16574835777282715,675.514426436726,49,-572,376,731,799,1321,408,19
-4,4,0,-4.0,4.0,0.17385125160217285,669.9756991233191,49,-568,372,731,799,1321,408,19
-5,4,0,-5.0,4.0,0.18189239501953125,663.6016651778376,49,-563,368,731,799,1321,408,19
-8,6,0,-8.0,6.0,0.189894437789917,653.6228188041821,49,-555,362,731,799,1321,408,19
-9,7,0,-9.0,7.0,0.19789528846740723,642.2610843586465,49,-546,355,731,799,1321,408,19
-11,7,0,-11.0,7.0,0.20587539672851562,629.2233151491725,49,-535,348,731,799,1321,408,19
-12,7,0,-12.0,7.0,0.21393132209777832,615.347659561562,49,-523,341,731,799,1321,408,19
-15,10,0,-15.0,10.0,0.22188043594360352,597.320872146094,49,-508,331,731,799,1321,408,19
-20,12,0,-20.0,12.0,0.22988438606262207,574.013721965444,49,-488,319,731,799,1321,408,19
-23,13,0,-23.0,13.0,0.2377934455871582,547.6515966023991,49,-465,306,731,799,1321,408,19
-24,17,0,-24.0,17.0,0.24583029747009277,518.2589496632561,49,-441,289,731,799,1321,408,19
-27,17,0,-27.0,17.0,0.253887414932251,486.35845606994536,49,-414,272,731,799,1321,408,19
-26,17,0,-26.0,17.0,0.2620222568511963,455.294087836578,49,-388,255,731,799,1321,408,19
-22,14,0,-22.0,14.0,0.2699003219604492,429.22026425075325,49,-366,241,731,799,1321,408,19
-22,13,0,-22.0,13.0,0.27796435356140137,403.6984371184364,49,-344,228,731,799,1321,408,19
-19,12,0,-19.0,12.0,0.2857823371887207,381.23198228745935,49,-325,216,731,799,1321,408,19
-19,13,0,-19.0,13.0,0.29404425621032715,358.21247255505904,49,-306,203,731,799,1321,408,19
-19,14,0,-19.0,14.0,0.3017714023590088,334.64225584174017,49,-287,189,731,799,1321,408,19
-19,14,0,-19.0,14.0,0.3098874092102051,311.0765533431026,49,-268,175,731,799,1321,408,19
-18,14,0,-18.0,14.0,0.31783127784729004,288.3566881709574,49,-250,161,731,799,1321,408,19
-17,14,0,-17.0,14.0,0.32586145401000977,266.49591648516315,49,-233,147,731,799,1321,408,19
-16,14,0,-16.0,14.0,0.3339073657989502,245.5152254777698,49,-217,133,731,799,1321,408,19
-15,13,0,-15.0,13.0,0.34186244010925293,225.95531490051465,49,-202,120,731,799,1321,408,19
-14,14,0,-14.0,14.0,0.3499114513397217,206.82400237230334,49,-188,106,731,799,1321,408,19
-14,12,0,-14.0,12.0,0.35790538787841797,188.76754030932378,49,-174,94,731,799,1321,408,19
-14,13,0,-14.0,13.0,0.36616039276123047,170.3348822733603,49,-160,81,731,799,1321,408,19
-14,13,0,-14.0,13.0,0.3738212585449219,152.05899540230592,49,-146,68,731,799,1321,408,19
-15,12,0,-15.0,12.0,0.38177943229675293,133.46754016266303,49,-131,56,731,799,1321,408,19
-14,12,0,-14.0,12.0,0.3898582458496094,116.0,49,-117,44,731,799,1321,408,19
-13,10,0,-13.0,10.0,0.39778923988342285,100.41663493271945,49,-104,34,731,799,1321,408,19
-13,8,0,-13.0,8.0,0.40585947036743164,85.64142856064674,49,-91,26,731,799,1321,408,19
-10,7,0,-10.0,7.0,0.41382431983947754,74.19855767980596,49,-81,19,731,799,1321,408,19
-8,5,0,-8.0,5.0,0.42188239097595215,65.33034373659252,49,-73,14,731,799,1321,408,19
-5,3,0,-5.0,3.0,0.4298853874206543,59.8839603971781,49,-68,11,731,799,1321,408,19
-4,2,0,-4.0,2.0,0.4378674030303955,55.6297145282261,49,-64,9,731,799,1321,408,19
-3,3,0,-3.0,3.0,0.4457893371582031,52.29437168288782,49,-61,6,731,799,1321,408,19
-4,2,0,-4.0,2.0,0.4538543224334717,48.14017850864661,49,-57,4,731,799,1321,408,19
-5,2,0,-5.0,2.0,0.4618663787841797,43.03844732503075,49,-52,2,731,799,1321,408,19
-5,3,0,-5.0,3.0,0.4699113368988037,38.01063709417264,49,-47,-1,731,799,1321,408,19
-4,2,0,-4.0,2.0,0.4778623580932617,34.104524124504614,49,-43,-3,731,799,1321,408,19
-3,0,0,-3.0,-0.0,0.4858722686767578,31.11234224026316,49,-40,-3,731,799,1321,408,19
-1,1,0,-1.0,1.0,0.4938673973083496,30.204591567825318,49,-39,-4,731,799,1321,408,19
-3,0,0,-3.0,-0.0,0.5019063949584961,27.22154055254967,49,-36,-4,731,799,1321,408,19
-3,1,0,-3.0,1.0,0.5097603797912598,24.376638536557273,49,-33,-5,731,799,1321,408,19
-3,0,0,-3.0,-0.0,0.5178873538970947,21.4138126514911,49,-30,-5,731,799,1321,408,19
-3,0,0,-3.0,-0.0,0.5258803367614746,18.459060435491963,49,-27,-5,731,799,1321,408,19
-3,0,0,-3.0,-0.0,0.5338013172149658,15.515301344262525,49,-24,-5,731,799,1321,408,19
-3,0,0,-3.0,-0.0,0.5419652462005615,12.587033144922902,49,-21,-5,731,799,1321,408,19
-2,0,0,-2.0,-0.0,0.5498902797698975,10.6468827043885,49,-19,-5,731,799,1321,408,19
-3,0,0,-3.0,-0.0,0.5578634738922119,7.763054614240211,49,-16,-5,731,799,1321,408,19
-2,0,0,-2.0,-0.0,0.5659482479095459,5.866068747318506,49,-14,-5,731,799,1321,408,19
-3,0,0,-3.0,-0.0,0.5738694667816162,3.0830459735945723,49,-11,-5,731,799,1321,408,19
-1,0,0,-1.0,-0.0,0.5817842483520508,2.180339887498949,49,-10,-5,731,799,1321,408,19
-1,1,0,-1.0,1.0,0.5897624492645264,1.8166538263919687,49,-9,-6,731,799,1321,408,19
-1,0,0,-1.0,-0.0,0.597853422164917,1.0,49,-8,-6,731,799,1321,408,19
-1,0,0,-1.0,-0.0,0.6058933734893799,0.21954445729288707,49,-7,-6,731,799,1321,408,19
-1,0,0,-1.0,-0.0,0.6459343433380127,-0.5147186257614305,49,-6,-6,731,799,1321,408,19
0,0,1,-0.0,-0.0,0.6737792491912842,-0.5147186257614305,49,-6,-6,731,799,1321,408,19
0,0,0,-0.0,-0.0,0.06865167617797852,447.7205342559844,50,-307,330,430,1135,737,805,7
0,-1,0,-0.0,-1.0,0.1227407455444336,448.45320909259243,50,-307,331,430,1135,737,805,7
3,-2,0,3.0,-2.0,0.13057160377502441,451.9604378404786,50,-310,333,430,1135,737,805,7
6,-5,0,6.0,-5.0,0.13864564895629883,459.709412050371,50,-316,338,430,1135,737,805,7
7,-6,0,7.0,-6.0,0.14680767059326172,468.87392383983246,50,-323,344,430,1135,737,805,7
6,-6,0,6.0,-6.0,0.15457963943481445,477.3550770003373,50,-329,350,430,1135,737,805,7
6,-7,0,6.0,-7.0,0.1625826358795166,486.5651131361384,50,-335,357,430,1135,737,805,7
4,-6,0,4.0,-6.0,0.17069268226623535,493.6789707648191,50,-339,363,430,1135,737,805,7
4,-7,0,4.0,-7.0,0.17868256568908691,501.5284927533826,50,-343,370,430,1135,737,805,7
3,-8,0,3.0,-8.0,0.18664073944091797,509.44511901275825,50,-346,378,430,1135,737,805,7
5,-11,0,5.0,-11.0,0.19468474388122559,520.9484707487942,50,-351,389,430,1135,737,805,7
4,-11,0,4.0,-11.0,0.20255470275878906,531.8130514488217,50,-355,400,430,1135,737,805,7
3,-11,0,3.0,-11.0,0.21055173873901367,542.0550430919799,50,-358,411,430,1135,737,805,7
0,-6,0,-0.0,-6.0,0.21856975555419922,546.59348613316,50,-358,417,430,1135,737,805,7
-2,-3,0,-2.0,-3.0,0.22657060623168945,547.5778782334066,50,-356,420,430,1135,737,805,7
-2,-1,0,-2.0,-1.0,0.23462176322937012,547.0518157410263,50,-354,421,430,1135,737,805,7
-3,0,0,-3.0,-0.0,0.24274063110351562,545.125897946813,50,-351,421,430,1135,737,805,7
-4,0,0,-4.0,-0.0,0.25068068504333496,542.5730931781735,50,-347,421,430,1135,737,805,7
-5,1,0,-5.0,1.0,0.2586956024169922,538.6308706120802,50,-342,420,430,1135,737,805,7
-8,3,0,-8.0,3.0,0.2666196823120117,531.2705307239021,50,-334,417,430,1135,737,805,7
-8,6,0,-8.0,6.0,0.2746756076812744,521.5922225881737,50,-326,411,430,1135,737,805,7
-8,6,0,-8.0,6.0,0.2826957702636719,511.92620830561737,50,-318,405,430,1135,737,805,7
-9,9,0,-9.0,9.0,0.2906217575073242,499.29174789160135,50,-309,396,430,1135,737,805,7
-9,12,0,-9.0,12.0,0.2986726760864258,484.29457210192686,50,-300,384,430,1135,737,805,7
-9,13,0,-9.0,13.0,0.30669569969177246,468.5103392291626,50,-291,371,430,1135,737,805,7
-11,15,0,-11.0,15.0,0.31468963623046875,449.91941888154895,50,-280,356,430,1135,737,805,7
-11,17,0,-11.0,17.0,0.3226625919342041,429.7609039643022,50,-269,339,430,1135,737,805,7
-13,18,0,-13.0,18.0,0.3305807113647461,407.58129523883576,50,-256,321,430,1135,737,805,7
-15,19,0,-15.0,19.0,0.3385756015777588,383.3741709793759,50,-241,302,430,1135,737,805,7
-15,19,0,-15.0,19.0,0.3467235565185547,359.1670885102621,50,-226,283,430,1135,737,805,7
-16,20,0,-16.0,20.0,0.354583740234375,333.55460181076114,50,-210,263,430,1135,737,805,7
-17,19,0,-17.0,19.0,0.3625645637512207,308.1028768751585,50,-193,244,430,1135,737,805,7
-17,19,0,-17.0,19.0,0.3706846237182617,282.6588874864565,50,-176,225,430,1135,737,805,7
-17,19,0,-17.0,19.0,0.3786885738372803,257.2249027283899,50,-159,206,430,1135,737,805,7
-16,17,0,-16.0,17.0,0.3867056369781494,234.00210969525145,50,-143,189,430,1135,737,805,7
-14,15,0,-14.0,15.0,0.3946816921234131,213.60332407421637,50,-129,174,430,1135,737,805,7
-11,13,0,-11.0,13.0,0.40277671813964844,196.6121238802894,50,-118,161,430,1135,737,805,7
-10,10,0,-10.0,10.0,0.4107036590576172,182.64751546950473,50,-108,151,430,1135,737,805,7
-9,9,0,-9.0,9.0,0.4187467098236084,170.1040149736568,50,-99,142,430,1135,737,805,7
-6,8,0,-6.0,8.0,0.4267137050628662,160.11039206623224,50,-93,134,430,1135,737,805,7
-5,5,0,-5.0,5.0,0.4346606731414795,153.1569723067145,50,-88,129,430,1135,737,805,7
-4,4,0,-4.0,4.0,0.4426736831665039,147.60212481900777,50,-84,125,430,1135,737,805,7
-3,4,0,-3.0,4.0,0.450758695602417,142.60906565183365,50,-81,121,430,1135,737,805,7
-1,2,0,-1.0,2.0,0.45853567123413086,140.39107364128355,50,-80,119,430,1135,737,805,7
-2,2,0,-2.0,2.0,0.4666106700897217,137.61649974309557,50,-78,117,430,1135,737,805,7
-1,1,0,-1.0,1.0,0.4745607376098633,136.2300254973761,50,-77,116,430,1135,737,805,7
-1,2,0,-1.0,2.0,0.48273158073425293,134.0109484676316,50,-76,114,430,1135,737,805,7
-2,2,0,-2.0,2.0,0.4907867908477783,131.23859355639868,50,-74,112,430,1135,737,805,7
-1,2,0,-1.0,2.0,0.4986717700958252,129.01893803541975,50,-73,110,430,1135,737,805,7
-2,3,0,-2.0,3.0,0.506685733795166,125.41339493993607,50,-71,107,430,1135,737,805,7
-2,2,0,-2.0,2.0,0.5146267414093018,122.64234954823155,50,-69,105,430,1135,737,805,7
-2,2,0,-2.0,2.0,0.5228257179260254,119.87391912037315,50,-67,103,430,1135,737,805,7
-1,2,0,-1.0,2.0,0.5307426452636719,117.65239326262865,50,-66,101,430,1135,737,805,7
-2,3,0,-2.0,3.0,0.5386645793914795,114.04699910719626,50,-64,98,430,1135,737,805,7
-2,2,0,-2.0,2.0,0.5465636253356934,111.28035701729323,50,-62,96,430,1135,737,805,7
-2,3,0,-2.0,3.0,0.554560661315918,107.6752004741803,50,-60,93,430,1135,737,805,7
-2,2,0,-2.0,2.0,0.5628736019134521,104.91200118615167,50,-58,91,430,1135,737,805,7
-3,3,0,-3.0,3.0,0.5707175731658936,100.77379245262264,50,-55,88,430,1135,737,805,7
-3,3,0,-3.0,3.0,0.5787076950073242,96.64436762808022,50,-52,85,430,1135,737,805,7
-3,3,0,-3.0,3.0,0.5866565704345703,92.524865872714,50,-49,82,430,1135,737,805,7
-4,3,0,-4.0,3.0,0.5946836471557617,87.91754506144565,50,-45,79,430,1135,737,805,7
-4,4,0,-4.0,4.0,0.6028437614440918,82.47514258543241,50,-41,75,430,1135,737,805,7
-3,3,0,-3.0,3.0,0.610663652420044,78.41252974819048,50,-38,72,430,1135,737,805,7
-3,3,0,-3.0,3.0,0.6185586452484131,74.3692445355388,50,-35,69,430,1135,737,805,7
-2,3,0,-2.0,3.0,0.6266717910766602,70.79024325749306,50,-33,66,430,1135,737,805,7
-2,2,0,-2.0,2.0,0.6347527503967285,68.11258679024411,50,-31,64,430,1135,737,805,7
-2,3,0,-2.0,3.0,0.642676591873169,64.54257916307313,50,-29,61,430,1135,737,805,7
-2,3,0,-2.0,3.0,0.6506826877593994,60.97655820689325,50,-27,58,430,1135,737,805,7
-2,3,0,-2.0,3.0,0.6586706638336182,57.41522986797286,50,-25,55,430,1135,737,805,7
-3,3,0,-3.0,3.0,0.6666796207427979,53.462376853972415,50,-22,52,430,1135,737,805,7
-3,4,0,-3.0,4.0,0.6747117042541504,48.62363799656123,50,-19,48,430,1135,737,805,7
-2,4,0,-2.0,4.0,0.6827065944671631,44.16990566028302,50,-17,44,430,1135,737,805,7
-3,3,0,-3.0,3.0,0.6906287670135498,40.32435804486894,50,-14,41,430,1135,737,805,7
-1,2,0,-1.0,2.0,0.6986696720123291,38.10960958218893,50,-13,39,430,1135,737,805,7
-1,2,0,-1.0,2.0,0.7067856788635254,35.897300677553446,50,-12,37,430,1135,737,805,7
0,2,0,-0.0,2.0,0.7147467136383057,34.0,50,-12,35,430,1135,737,805,7
-1,3,0,-1.0,3.0,0.7226817607879639,30.837848631377263,50,-11,32,430,1135,737,805,7
-1,2,0,-1.0,2.0,0.7308087348937988,28.622776601683793,50,-10,30,430,1135,737,805,7
0,3,0,-0.0,3.0,0.7387325763702393,25.792360097775937,50,-10,27,430,1135,737,805,7
-1,3,0,-1.0,3.0,0.746856689453125,22.632011235952593,50,-9,24,430,1135,737,805,7
0,3,0,-0.0,3.0,0.7546007633209229,19.847319317591726,50,-9,21,430,1135,737,805,7
-1,3,0,-1.0,3.0,0.7626986503601074,16.697715603592208,50,-8,18,430,1135,737,805,7
0,3,0,-0.0,3.0,0.7706687450408936,14.0,50,-8,15,430,1135,737,805,7
-1,3,0,-1.0,3.0,0.7787387371063232,10.892443989449804,50,-7,12,430,1135,737,805,7
0,2,0,-0.0,2.0,0.7866957187652588,9.206555615733702,50,-7,10,430,1135,737,805,7
-1,4,0,-1.0,4.0,0.7946746349334717,5.4852813742385695,50,-6,6,430,1135,737,805,7
-2,2,0,-2.0,2.0,0.8026766777038574,2.6568542494923806,50,-4,4,430,1135,737,805,7
-1,2,0,-1.0,2.0,0.8107426166534424,0.6055512754639891,50,-3,2,430,1135,737,805,7
0,2,0,-0.0,2.0,0.8188247680664062,0.0,50,-3,0,430,1135,737,805,7
-1,2,0,-1.0,2.0,0.8265836238861084,-0.1715728752538097,50,-2,-2,430,1135,737,805,7
0,2,0,-0.0,2.0,0.8347365856170654,1.4721359549995796,50,-2,-4,430,1135,737,805,7
-1,1,0,-1.0,1.0,0.8426885604858398,2.0990195135927845,50,-1,-5,430,1135,737,805,7
-1,2,0,-1.0,2.0,0.8507375717163086,4.0,50,0,-7,430,1135,737,805,7
0,1,0,-0.0,1.0,0.8586976528167725,5.0,50,0,-8,430,1135,737,805,7
0,1,0,-0.0,1.0,0.8666865825653076,6.0,50,0,-9,430,1135,737,805,7
0,0,1,-0.0,-0.0,0.9237587451934814,6.0,50,0,-9,430,1135,737,805,7
0,0,0,-0.0,-0.0,1.013549566268921,6.0,50,0,-9,430,1135,737,805,7
-1,0,0,-1.0,-0.0,1.058783769607544,6.055385138137417,50,1,-9,430,1135,737,805,7
0,-1,0,-0.0,-1.0,1.0907647609710693,5.062257748298549,50,1,-8,430,1135,737,805,7
0,-2,0,-0.0,-2.0,1.0986826419830322,3.0827625302982193,50,1,-6,430,1135,737,805,7
1,-1,0,1.0,-1.0,1.1065685749053955,2.0,50,0,-5,430,1135,737,805,7
0,-1,0,-0.0,-1.0,1.114635705947876,1.0,50,0,-4,430,1135,737,805,7
1,-1,0,1.0,-1.0,1.122748613357544,0.16227766016837952,50,-1,-3,430,1135,737,805,7
0,-1,0,-0.0,-1.0,1.1307086944580078,-0.7639320225002102,50,-1,-2,430,1135,737,805,7
0,-2,0,-0.0,-2.0,1.1387057304382324,-2.0,50,-1,0,430,1135,737,805,7
0,-1,0,-0.0,-1.0,1.1467506885528564,-1.5857864376269049,50,-1,1,430,1135,737,805,7
0,-1,0,-0.0,-1.0,1.1546766757965088,-0.7639320225002102,50,-1,2,430,1135,737,805,7
0,-1,0,-0.0,-1.0,1.1626777648925781,0.16227766016837952,50,-1,3,430,1135,737,805,7
0,-1,0,-0.0,-1.0,1.1706736087799072,1.1231056256176606,50,-1,4,430,1135,737,805,7
0,-1,0,-0.0,-1.0,1.1788005828857422,2.0990195135927845,50,-1,5,430,1135,737,805,7
0,0,1,-0.0,-0.0,1.2276575565338135,2.0990195135927845,50,-1,5,430,1135,737,805,7
0,0,0,-0.0,-0.0,0.08746576309204102,985.1828377454702,51,885,-485,1316,645,431,1130,49
0,-1,0,-0.0,-1.0,0.13446378707885742,984.7026320972897,51,885,-484,1316,645,431,1130,49
0,-2,0,-0.0,-2.0,0.14244580268859863,983.7445112725745,51,885,-482,1316,645,431,1130,49
0,-2,0,-0.0,-2.0,0.15041375160217285,982.78945167299,51,885,-480,1316,645,431,1130,49
1,-2,0,1.0,-2.0,0.15846776962280273,980.9577105530361,51,884,-478,1316,645,431,1130,49
0,-1,0,-0.0,-1.0,0.16649580001831055,980.4824538039477,51,884,-477,1316,645,431,1130,49
0,-1,0,-0.0,-1.0,0.17432475090026855,980.0079680958712,51,884,-476,1316,645,431,1130,49
1,-3,0,1.0,-3.0,0.18245577812194824,977.7075421499031,51,883,-473,1316,645,431,1130,49
2,-3,0,2.0,-3.0,0.19036197662353516,974.5294186953131,51,881,-470,1316,645,431,1130,49
3,-4,0,3.0,-4.0,0.19841790199279785,970.0020120703982,51,878,-466,1316,645,431,1130,49
5,-6,0,5.0,-6.0,0.20658183097839355,962.7770771557272,51,873,-460,1316,645,431,1130,49
5,-7,0,5.0,-7.0,0.21433377265930176,955.0980543336811,51,868,-453,1316,645,431,1130,49
7,-7,0,7.0,-7.0,0.2224118709564209,945.6581871979424,51,861,-446,1316,645,431,1130,49
8,-10,0,8.0,-10.0,0.23047995567321777,933.9692061856686,51,853,-436,1316,645,431,1130,49
9,-12,0,9.0,-12.0,0.23837780952453613,920.5168076852841,51,844,-424,1316,645,431,1130,49
13,-14,0,13.0,-14.0,0.24631285667419434,902.6396279028866,51,831,-410,1316,645,431,1130,49
22,-17,0,22.0,-17.0,0.254457950592041,875.4053591123416,51,809,-393,1316,645,431,1130,49
29,-21,0,29.0,-21.0,0.2623758316040039,840.1666505946639,51,780,-372,1316,645,431,1130,49
36,-22,0,36.0,-22.0,0.27048587799072266,798.2140840438091,51,744,-350,1316,645,431,1130,49
40,-21,0,40.0,-21.0,0.27858781814575195,753.0823637170001,51,704,-329,1316,645,431,1130,49
42,-20,0,42.0,-20.0,0.2864398956298828,706.5648499620003,51,662,-309,1316,645,431,1130,49
41,-20,0,41.0,-20.0,0.2943308353424072,660.9540130548911,51,621,-289,1316,645,431,1130,49
37,-20,0,37.0,-20.0,0.3024439811706543,618.9751161592492,51,584,-269,1316,645,431,1130,49
36,-23,0,36.0,-23.0,0.3103909492492676,576.682944655498,51,548,-246,1316,645,431,1130,49
32,-22,0,32.0,-22.0,0.318450927734375,538.5228884232179,51,516,-224,1316,645,431,1130,49
28,-21,0,28.0,-21.0,0.32645392417907715,504.5385511010526,51,488,-203,1316,645,431,1130,49
24,-19,0,24.0,-19.0,0.33440279960632324,475.1512796738079,51,464,-184,1316,645,431,1130,49
22,-17,0,22.0,-17.0,0.3423488140106201,448.4965608340446,51,442,-167,1316,645,431,1130,49
18,-14,0,18.0,-14.0,0.35044097900390625,426.7604685417744,51,424,-153,1316,645,431,1130,49
17,-13,0,17.0,-13.0,0.35843491554260254,406.4056226398535,51,407,-140,1316,645,431,1130,49
15,-9,0,15.0,-9.0,0.36641883850097656,389.3098111586513,51,392,-131,1316,645,431,1130,49
13,-7,0,13.0,-7.0,0.37444591522216797,374.76935689694113,51,379,-124,1316,645,431,1130,49
13,-8,0,13.0,-8.0,0.382382869720459,359.9427040588218,51,366,-116,1316,645,431,1130,49
11,-7,0,11.0,-7.0,0.3904569149017334,347.3569711207802,51,355,-109,1316,645,431,1130,49
10,-7,0,10.0,-7.0,0.39847588539123535,335.76242160625947,51,345,-102,1316,645,431,1130,49
10,-7,0,10.0,-7.0,0.40631794929504395,324.209706929603,51,335,-95,1316,645,431,1130,49
11,-7,0,11.0,-7.0,0.41457080841064453,311.7379930838927,51,324,-88,1316,645,431,1130,49
9,-5,0,9.0,-5.0,0.422454833984375,301.75143898377485,51,315,-83,1316,645,431,1130,49
8,-4,0,8.0,-4.0,0.4305739402770996,293.00157728314224,51,307,-79,1316,645,431,1130,49
6,-3,0,6.0,-3.0,0.4384918212890625,286.446452709642,51,301,-76,1316,645,431,1130,49
5,-3,0,5.0,-3.0,0.4466438293457031,280.8688242506931,51,296,-73,1316,645,431,1130,49
5,-2,0,5.0,-2.0,0.4544188976287842,275.5363083167047,51,291,-71,1316,645,431,1130,49
6,-3,0,6.0,-3.0,0.4623758792877197,269.0,51,285,-68,1316,645,431,1130,49
8,-3,0,8.0,-3.0,0.47051382064819336,260.5241641759097,51,277,-65,1316,645,431,1130,49
10,-5,0,10.0,-5.0,0.47836995124816895,249.65854636754904,51,267,-60,1316,645,431,1130,49
12,-4,0,12.0,-4.0,0.48648881912231445,237.07661710693282,51,255,-56,1316,645,431,1130,49
14,-3,0,14.0,-3.0,0.494553804397583,222.75899173079793,51,241,-53,1316,645,431,1130,49
16,-2,0,16.0,-2.0,0.5024378299713135,206.70760715676457,51,225,-51,1316,645,431,1130,49
14,-3,0,14.0,-3.0,0.5105509757995605,192.390850083824,51,211,-48,1316,645,431,1130,49
13,-2,0,13.0,-2.0,0.5184478759765625,179.2732151563506,51,198,-46,1316,645,431,1130,49
14,-1,0,14.0,-1.0,0.5264389514923096,165.42280749687984,51,184,-45,1316,645,431,1130,49
13,-1,0,13.0,-1.0,0.5344679355621338,152.57009939398006,51,171,-44,1316,645,431,1130,49
12,-1,0,12.0,-1.0,0.5424318313598633,140.7118696390761,51,159,-43,1316,645,431,1130,49
12,-2,0,12.0,-2.0,0.5504138469696045,128.6106156202772,51,147,-41,1316,645,431,1130,49
11,-1,0,11.0,-1.0,0.5585157871246338,117.7603611733548,51,136,-40,1316,645,431,1130,49
10,-1,0,10.0,-1.0,0.5664148330688477,107.89768762188365,51,126,-39,1316,645,431,1130,49
10,-2,0,10.0,-2.0,0.5745599269866943,97.75795661885921,51,116,-37,1316,645,431,1130,49
10,-1,0,10.0,-1.0,0.582474946975708,87.94641575325224,51,106,-36,1316,645,431,1130,49
10,-2,0,10.0,-2.0,0.5904388427734375,77.84301645179212,51,96,-34,1316,645,431,1130,49
7,-1,0,7.0,-1.0,0.598552942276001,70.92101980067429,51,89,-33,1316,645,431,1130,49
4,-1,0,4.0,-1.0,0.6064858436584473,66.82400563727631,51,85,-32,1316,645,431,1130,49
4,-1,0,4.0,-1.0,0.6144318580627441,62.729464428186105,51,81,-31,1316,645,431,1130,49
4,-1,0,4.0,-1.0,0.6224818229675293,58.63776376451628,51,77,-30,1316,645,431,1130,49
4,-1,0,4.0,-1.0,0.6303038597106934,54.54934754662193,51,73,-29,1316,645,431,1130,49
4,-2,0,4.0,-2.0,0.6383829116821289,50.094534211370814,51,69,-27,1316,645,431,1130,49
5,-1,0,5.0,-1.0,0.646446943283081,45.07966415668217,51,64,-26,1316,645,431,1130,49
4,0,0,4.0,-0.0,0.6544859409332275,41.391130897087265,51,60,-26,1316,645,431,1130,49
3,-1,0,3.0,-1.0,0.6624839305877686,38.24146527838174,51,57,-25,1316,645,431,1130,49
2,-1,0,2.0,-1.0,0.6705367565155029,36.00833275470999,51,55,-24,1316,645,431,1130,49
2,0,0,2.0,-0.0,0.6784827709197998,34.180752831155424,51,53,-24,1316,645,431,1130,49
2,-1,0,2.0,-1.0,0.6864228248596191,31.94640292279746,51,51,-23,1316,645,431,1130,49
1,-1,0,1.0,-1.0,0.6944599151611328,30.626001134990652,51,50,-22,1316,645,431,1130,49
1,0,0,1.0,-0.0,0.7024209499359131,29.712196007983138,51,49,-22,1316,645,431,1130,49
1,0,0,1.0,-0.0,0.7103888988494873,28.80151512977634,51,48,-22,1316,645,431,1130,49
0,0,1,-0.0,-0.0,0.7424728870391846,28.80151512977634,51,48,-22,1316,645,431,1130,49
0,0,0,-0.0,-0.0,0.810478925704956,28.80151512977634,51,48,-22,1316,645,431,1130,49
2,0,0,2.0,-0.0,0.8143007755279541,26.99019513592785,51,46,-22,1316,645,431,1130,49
2,0,0,2.0,-0.0,0.8224718570709229,25.193495504995376,51,44,-22,1316,645,431,1130,49
3,0,0,3.0,-0.0,0.830467939376831,22.529560496527367,51,41,-22,1316,645,431,1130,49
1,0,0,1.0,-0.0,0.8384358882904053,21.650848842053307,51,40,-22,1316,645,431,1130,49
2,0,0,2.0,-0.0,0.8464488983154297,19.9089968002003,51,38,-22,1316,645,431,1130,49
1,0,0,1.0,-0.0,0.8624467849731445,19.046486500061768,51,37,-22,1316,645,431,1130,49
1,0,0,1.0,-0.0,0.8784267902374268,18.190046219457976,51,36,-22,1316,645,431,1130,49
2,-1,0,2.0,-1.0,0.8942997455596924,15.962482405376171,51,34,-21,1316,645,431,1130,49
3,-2,0,3.0,-2.0,0.9024698734283447,12.359317925395686,51,31,-19,1316,645,431,1130,49
3,-3,0,3.0,-3.0,0.9104759693145752,8.249030993194197,51,28,-16,1316,645,431,1130,49
4,-2,0,4.0,-2.0,0.9184257984161377,3.784887978899608,51,24,-14,1316,645,431,1130,49
4,-3,0,4.0,-3.0,0.9264318943023682,-1.1745755789733465,51,20,-11,1316,645,431,1130,49
3,-2,0,3.0,-2.0,0.9345028400421143,-4.764615938328657,51,17,-9,1316,645,431,1130,49
3,-1,0,3.0,-1.0,0.9424388408660889,-7.875484503402902,51,14,-8,1316,645,431,1130,49
3,-2,0,3.0,-2.0,0.9505338668823242,-11.470035913858332,51,11,-6,1316,645,431,1130,49
2,-1,0,2.0,-1.0,0.9583737850189209,-13.704369859013,51,9,-5,1316,645,431,1130,49
1,0,0,1.0,-0.0,0.9664218425750732,-14.566018867943397,51,8,-5,1316,645,431,1130,49
0,0,1,-0.0,-0.0,0.9964988231658936,-14.566018867943397,51,8,-5,1316,645,431,1130,49
0,0,0,-0.0,-0.0,0.06126093864440918,868.2859138396296,52,-867,-63,441,587,1308,650,3
-1,-1,0,-1.0,-1.0,0.12845587730407715,867.2165628459296,52,-866,-62,441,587,1308,650,3
-4,0,0,-4.0,-0.0,0.1363048553466797,863.226822078556,52,-862,-62,441,587,1308,650,3
-3,0,0,-3.0,-0.0,0.14418697357177734,860.2345789620852,52,-859,-62,441,587,1308,650,3
-2,-1,0,-2.0,-1.0,0.15240883827209473,858.1682023911267,52,-857,-61,441,587,1308,650,3
-3,0,0,-3.0,-0.0,0.16034483909606934,855.1757997047101,52,-854,-61,441,587,1308,650,3
-5,0,0,-5.0,-0.0,0.1681537628173828,850.1885807504704,52,-849,-61,441,587,1308,650,3
-4,0,0,-4.0,-0.0,0.1761789321899414,846.1989140691812,52,-845,-61,441,587,1308,650,3
-6,1,0,-6.0,1.0,0.18416690826416016,840.2877034641598,52,-839,-62,441,587,1308,650,3
-6,2,0,-6.0,2.0,0.1922008991241455,834.4549658718895,52,-833,-64,441,587,1308,650,3
-8,0,0,-8.0,-0.0,0.20023179054260254,826.4787006322277,52,-825,-64,441,587,1308,650,3
-8,1,0,-8.0,1.0,0.20829391479492188,818.5816005743418,52,-817,-65,441,587,1308,650,3
-8,1,0,-8.0,1.0,0.21631193161010742,810.68774784396,52,-809,-66,441,587,1308,650,3
-11,0,0,-11.0,-0.0,0.22433185577392578,799.7246717817554,52,-798,-66,441,587,1308,650,3
-12,-1,0,-12.0,-1.0,0.23235177993774414,787.683079569988,52,-786,-65,441,587,1308,650,3
-16,-2,0,-16.0,-2.0,0.24028682708740234,771.5729738995534,52,-770,-63,441,587,1308,650,3
-20,-3,0,-20.0,-3.0,0.24829387664794922,751.3961722390671,52,-750,-60,441,587,1308,650,3
-24,-4,0,-24.0,-4.0,0.25635194778442383,727.156576568529,52,-726,-56,441,587,1308,650,3
-27,-5,0,-27.0,-5.0,0.26418495178222656,699.8580455413207,52,-699,-51,441,587,1308,650,3
-28,-4,0,-28.0,-4.0,0.27240490913391113,671.6440366196671,52,-671,-47,441,587,1308,650,3
-30,-6,0,-30.0,-6.0,0.2803018093109131,641.3098940542641,52,-641,-41,441,587,1308,650,3
-32,-5,0,-32.0,-5.0,0.28830695152282715,609.063111489295,52,-609,-36,441,587,1308,650,3
-32,-4,0,-32.0,-4.0,0.2962949275970459,576.8866670896639,52,-577,-32,441,587,1308,650,3
-33,-4,0,-33.0,-4.0,0.30438685417175293,543.720111616966,52,-544,-28,441,587,1308,650,3
-34,-3,0,-34.0,-3.0,0.31235194206237793,509.6123774449656,52,-510,-25,441,587,1308,650,3
-35,-3,0,-35.0,-3.0,0.320220947265625,474.50920075220415,52,-475,-22,441,587,1308,650,3
-32,-2,0,-32.0,-2.0,0.3283219337463379,442.45123745458193,52,-443,-20,441,587,1308,650,3
-29,-1,0,-29.0,-1.0,0.33620595932006836,413.43576100524916,52,-414,-19,441,587,1308,650,3
-25,-1,0,-25.0,-1.0,0.34430789947509766,388.41622975936684,52,-389,-18,441,587,1308,650,3
-23,-1,0,-23.0,-1.0,0.3523128032684326,365.3945960300179,52,-366,-17,441,587,1308,650,3
-21,0,0,-21.0,-0.0,0.3602728843688965,344.418586645247,52,-345,-17,441,587,1308,650,3
-20,-1,0,-20.0,-1.0,0.3682749271392822,324.3936078044558,52,-325,-16,441,587,1308,650,3
-21,0,0,-21.0,-0.0,0.3762698173522949,303.42076144704714,52,-304,-16,441,587,1308,650,3
-20,0,0,-20.0,-0.0,0.3841679096221924,283.45034716097643,52,-284,-16,441,587,1308,650,3
-19,0,0,-19.0,-0.0,0.3923208713531494,264.48257946614876,52,-265,-16,441,587,1308,650,3
-19,0,0,-19.0,-0.0,0.4002208709716797,245.51977608297474,52,-246,-16,441,587,1308,650,3
-19,0,0,-19.0,-0.0,0.4082338809967041,226.56317804073663,52,-227,-16,441,587,1308,650,3
-18,0,0,-18.0,-0.0,0.41633081436157227,208.6115454835444,52,-209,-16,441,587,1308,650,3
-14,1,0,-14.0,1.0,0.42430591583251953,194.7396229688818,52,-195,-17,441,587,1308,650,3
-12,0,0,-12.0,-0.0,0.432283878326416,182.7879212570837,52,-183,-17,441,587,1308,650,3
-9,0,0,-9.0,-0.0,0.44037675857543945,173.82848738120455,52,-174,-17,441,587,1308,650,3
-7,0,0,-7.0,-0.0,0.4483358860015869,166.86303941010956,52,-167,-17,441,587,1308,650,3
-7,0,0,-7.0,-0.0,0.45632076263427734,159.90059042775448,52,-160,-17,441,587,1308,650,3
-6,0,0,-6.0,-0.0,0.4642629623413086,153.93547043850222,52,-154,-17,441,587,1308,650,3
-5,-1,0,-5.0,-1.0,0.4722137451171875,148.85659811966906,52,-149,-16,441,587,1308,650,3
-5,0,0,-5.0,-0.0,0.480212926864624,143.88616221019868,52,-144,-16,441,587,1308,650,3
-4,0,0,-4.0,-0.0,0.48843884468078613,139.91131963046828,52,-140,-16,441,587,1308,650,3
-4,-1,0,-4.0,-1.0,0.4963047504425049,135.82470537150812,52,-136,-15,441,587,1308,650,3
-3,-1,0,-3.0,-1.0,0.5043048858642578,132.73481222179961,52,-133,-14,441,587,1308,650,3
-4,0,0,-4.0,-0.0,0.512333869934082,128.75746606650424,52,-129,-14,441,587,1308,650,3
-4,-1,0,-4.0,-1.0,0.5203168392181396,124.67418191498204,52,-125,-13,441,587,1308,650,3
-3,0,0,-3.0,-0.0,0.5284018516540527,121.6906679417795,52,-122,-13,441,587,1308,650,3
-3,-1,0,-3.0,-1.0,0.5363409519195557,118.60351165413162,52,-119,-12,441,587,1308,650,3
-3,0,0,-3.0,-0.0,0.5442578792572021,115.61903789690601,52,-116,-12,441,587,1308,650,3
-4,-1,0,-4.0,-1.0,0.5523998737335205,111.53888216967503,52,-112,-11,441,587,1308,650,3
-4,0,0,-4.0,-0.0,0.5603518486022949,107.55873986004075,52,-108,-11,441,587,1308,650,3
-5,-2,0,-5.0,-2.0,0.5683009624481201,102.39245620450265,52,-103,-9,441,587,1308,650,3
-5,0,0,-5.0,-0.0,0.5763058662414551,97.41239759298622,52,-98,-9,441,587,1308,650,3
-6,0,0,-6.0,-0.0,0.5843367576599121,91.43916918709297,52,-92,-9,441,587,1308,650,3
-7,-1,0,-7.0,-1.0,0.5923058986663818,84.37564055396598,52,-85,-8,441,587,1308,650,3
-6,0,0,-6.0,-0.0,0.6002027988433838,78.40403012442127,52,-79,-8,441,587,1308,650,3
-7,0,0,-7.0,-0.0,0.608367919921875,71.44308110509934,52,-72,-8,441,587,1308,650,3
-7,0,0,-7.0,-0.0,0.6162748336791992,64.49045732013177,52,-65,-8,441,587,1308,650,3
-6,0,0,-6.0,-0.0,0.6243438720703125,58.53990258641679,52,-59,-8,441,587,1308,650,3
-6,0,0,-6.0,-0.0,0.6322939395904541,52.600373133029585,52,-53,-8,441,587,1308,650,3
-6,0,0,-6.0,-0.0,0.640394926071167,46.67598976424087,52,-47,-8,441,587,1308,650,3
-6,0,0,-6.0,-0.0,0.6483068466186523,40.773197148410844,52,-41,-8,441,587,1308,650,3
-5,0,0,-5.0,-0.0,0.6563799381256104,35.87817782917155,52,-36,-8,441,587,1308,650,3
-5,0,0,-5.0,-0.0,0.6641688346862793,31.015621187164243,52,-31,-8,441,587,1308,650,3
-3,0,0,-3.0,-0.0,0.6721677780151367,28.120439557122072,52,-28,-8,441,587,1308,650,3
-3,0,0,-3.0,-0.0,0.6803867816925049,25.248809496813376,52,-25,-8,441,587,1308,650,3
-2,0,0,-2.0,-0.0,0.6882839202880859,23.351591323771842,52,-23,-8,441,587,1308,650,3
-2,0,0,-2.0,-0.0,0.6961939334869385,21.47220505424423,52,-21,-8,441,587,1308,650,3
-2,0,0,-2.0,-0.0,0.7043108940124512,19.615528128088304,52,-19,-8,441,587,1308,650,3
-1,0,0,-1.0,-0.0,0.7122998237609863,18.697715603592208,52,-18,-8,441,587,1308,650,3
-1,0,0,-1.0,-0.0,0.7202999591827393,17.788294228055936,52,-17,-8,441,587,1308,650,3
-1,0,0,-1.0,-0.0,0.7283258438110352,16.88854381999832,52,-16,-8,441,587,1308,650,3
-1,-1,0,-1.0,-1.0,0.7362868785858154,15.552945357246848,52,-15,-7,441,587,1308,650,3
-2,0,0,-2.0,-0.0,0.7441699504852295,13.7648230602334,52,-13,-7,441,587,1308,650,3
-2,0,0,-2.0,-0.0,0.7522659301757812,12.038404810405298,52,-11,-7,441,587,1308,650,3
-1,-1,0,-1.0,-1.0,0.7602777481079102,10.661903789690601,52,-10,-6,441,587,1308,650,3
-3,0,0,-3.0,-0.0,0.7683429718017578,8.219544457292887,52,-7,-6,441,587,1308,650,3
-2,-1,0,-2.0,-1.0,0.7763259410858154,6.0710678118654755,52,-5,-5,441,587,1308,650,3
-1,0,0,-1.0,-0.0,0.7843117713928223,5.4031242374328485,52,-4,-5,441,587,1308,650,3
-1,0,0,-1.0,-0.0,0.7923548221588135,4.830951894845301,52,-3,-5,441,587,1308,650,3
-1,-1,0,-1.0,-1.0,0.8002948760986328,3.4721359549995796,52,-2,-4,441,587,1308,650,3
0,0,1,-0.0,-0.0,0.903296947479248,3.4721359549995796,52,-2,-4,441,587,1308,650,3
0,0,0,-0.0,-0.0,0.9683389663696289,3.4721359549995796,52,-2,-4,441,587,1308,650,3
-1,0,0,-1.0,-0.0,0.9842348098754883,3.1231056256176606,52,-1,-4,441,587,1308,650,3
-1,0,0,-1.0,-0.0,0.992344856262207,3.0,52,0,-4,441,587,1308,650,3
-1,-1,0,-1.0,-1.0,1.0010249614715576,2.1622776601683795,52,1,-3,441,587,1308,650,3
-1,0,0,-1.0,-0.0,1.0083518028259277,2.605551275463989,52,2,-3,441,587,1308,650,3
-1,0,0,-1.0,-0.0,1.0242247581481934,3.2426406871192848,52,3,-3,441,587,1308,650,3
0,-1,0,-0.0,-1.0,1.072335958480835,2.605551275463989,52,3,-2,441,587,1308,650,3
0,0,1,-0.0,-0.0,1.2042319774627686,2.605551275463989,52,3,-2,441,587,1308,650,3
0,0,0,-0.0,-0.0,1.3322389125823975,2.605551275463989,52,3,-2,441,587,1308,650,3
0,0,1,-0.0,-0.0,1.5092058181762695,2.605551275463989,52,3,-2,441,587,1308,650,3
1,-1,1,1.0,-1.0,1.5363688468933105,1.2360679774997898,52,2,-1,441,587,1308,650,3
1,0,1,1.0,-0.0,1.5443189144134521,0.41421356237309515,52,1,-1,441,587,1308,650,3
1,0,1,1.0,-0.0,1.560236930847168,0.0,52,0,-1,441,587,1308,650,3
0,0,0,-0.0,-0.0,1.5753068923950195,0.0,52,0,-1,441,587,1308,650,3
0,0,1,-0.0,-0.0,1.7012028694152832,0.0,52,0,-1,441,587,1308,650,3
0,0,0,-0.0,-0.0,0.08839058876037598,624.6068505812476,53,561,-288,1002,300,441,588,13
3,-1,0,3.0,-1.0,0.23924851417541504,621.4814738301044,53,558,-287,1002,300,441,588,13
4,-2,0,4.0,-2.0,0.24745559692382812,617.0096307441804,53,554,-285,1002,300,441,588,13
5,-3,0,5.0,-3.0,0.2553277015686035,611.1912183432295,53,549,-282,1002,300,441,588,13
8,-4,0,8.0,-4.0,0.2633485794067383,602.2474825266439,53,541,-278,1002,300,441,588,13
9,-5,0,9.0,-5.0,0.2714076042175293,591.957356339062,53,532,-273,1002,300,441,588,13
8,-4,0,8.0,-4.0,0.2794685363769531,583.0135821863533,53,524,-269,1002,300,441,588,13
10,-6,0,10.0,-6.0,0.28734850883483887,571.37769267612,53,514,-263,1002,300,441,588,13
13,-8,0,13.0,-8.0,0.29545164108276367,556.1618983887115,53,501,-255,1002,300,441,588,13
17,-9,0,17.0,-9.0,0.3034036159515381,536.9290929762376,53,484,-246,1002,300,441,588,13
20,-11,0,20.0,-11.0,0.3112635612487793,514.1163331409618,53,464,-235,1002,300,441,588,13
20,-13,0,20.0,-13.0,0.3192896842956543,490.4070910049533,53,444,-222,1002,300,441,588,13
20,-11,0,20.0,-11.0,0.32733964920043945,467.6000422297278,53,424,-211,1002,300,441,588,13
19,-10,0,19.0,-10.0,0.3354625701904297,446.1349356110408,53,405,-201,1002,300,441,588,13
19,-11,0,19.0,-11.0,0.34334754943847656,424.22784661153673,53,386,-190,1002,300,441,588,13
19,-11,0,19.0,-11.0,0.3512535095214844,402.32585027156927,53,367,-179,1002,300,441,588,13
20,-11,0,20.0,-11.0,0.35926055908203125,379.5295060044043,53,347,-168,1002,300,441,588,13
21,-13,0,21.0,-13.0,0.36728572845458984,354.9722981061012,53,326,-155,1002,300,441,588,13
23,-13,0,23.0,-13.0,0.37535858154296875,328.6236692166291,53,303,-142,1002,300,441,588,13
27,-17,0,27.0,-17.0,0.3832216262817383,296.9867983922732,53,276,-125,1002,300,441,588,13
28,-17,0,28.0,-17.0,0.3912956714630127,264.4958410031474,53,248,-108,1002,300,441,588,13
27,-14,0,27.0,-14.0,0.3993415832519531,234.160363090998,53,221,-94,1002,300,441,588,13
23,-11,0,23.0,-11.0,0.40728259086608887,208.6928037918365,53,198,-83,1002,300,441,588,13
20,-9,0,20.0,-9.0,0.4154045581817627,186.76929216034384,53,178,-74,1002,300,441,588,13
17,-7,0,17.0,-7.0,0.4233546257019043,168.38463235044537,53,161,-67,1002,300,441,588,13
15,-4,0,15.0,-4.0,0.4314396381378174,153.0125781188394,53,146,-63,1002,300,441,588,13
14,-5,0,14.0,-5.0,0.43973851203918457,138.18044250174847,53,132,-58,1002,300,441,588,13
11,-4,0,11.0,-4.0,0.447251558303833,126.5028301584536,53,121,-54,1002,300,441,588,13
10,-4,0,10.0,-4.0,0.45525264739990234,115.74152947946727,53,111,-50,1002,300,441,588,13
10,-4,0,10.0,-4.0,0.463336706161499,104.98198051936178,53,101,-46,1002,300,441,588,13
10,-4,0,10.0,-4.0,0.4713156223297119,94.22474744293447,53,91,-42,1002,300,441,588,13
8,-3,0,8.0,-3.0,0.4793825149536133,85.706052144883,53,83,-39,1002,300,441,588,13
8,-3,0,8.0,-3.0,0.4874136447906494,77.19254774317228,53,75,-36,1002,300,441,588,13
8,-3,0,8.0,-3.0,0.4953477382659912,68.68600939935136,53,67,-33,1002,300,441,588,13
10,-1,0,10.0,-1.0,0.5034005641937256,59.36818798161687,53,57,-32,1002,300,441,588,13
10,-3,0,10.0,-3.0,0.5114405155181885,49.226805085936306,53,47,-29,1002,300,441,588,13
10,-3,0,10.0,-3.0,0.519270658493042,39.221676218380054,53,37,-26,1002,300,441,588,13
9,-3,0,9.0,-3.0,0.5273325443267822,30.235341863986875,53,28,-23,1002,300,441,588,13
9,-3,0,9.0,-3.0,0.5352776050567627,21.586228448267445,53,19,-20,1002,300,441,588,13
6,-2,0,6.0,-2.0,0.5433845520019531,16.20360331117452,53,13,-18,1002,300,441,588,13
3,-1,0,3.0,-1.0,0.5513436794281006,13.72308292331602,53,10,-17,1002,300,441,588,13
1,0,0,1.0,-0.0,0.5593955516815186,13.235384061671343,53,9,-17,1002,300,441,588,13
1,0,0,1.0,-0.0,0.5753986835479736,12.788294228055936,53,8,-17,1002,300,441,588,13
2,0,0,2.0,-0.0,0.5833165645599365,12.027756377319946,53,6,-17,1002,300,441,588,13
2,0,0,2.0,-0.0,0.5913136005401611,11.464249196572979,53,4,-17,1002,300,441,588,13
3,-1,0,3.0,-1.0,0.5992276668548584,10.031219541881399,53,1,-16,1002,300,441,588,13
1,0,0,1.0,-0.0,0.6073095798492432,10.0,53,0,-16,1002,300,441,588,13
2,-1,0,2.0,-1.0,0.615276575088501,9.132745950421556,53,-2,-15,1002,300,441,588,13
1,0,0,1.0,-0.0,0.6234035491943359,9.297058540778355,53,-3,-15,1002,300,441,588,13
0,-1,0,-0.0,-1.0,0.6953415870666504,8.317821063276353,53,-3,-14,1002,300,441,588,13
-1,0,0,-1.0,-0.0,0.7433257102966309,8.142135623730951,53,-2,-14,1002,300,441,588,13
-3,-1,0,-3.0,-1.0,0.751455545425415,7.038404810405298,53,1,-13,1002,300,441,588,13
-3,-1,0,-3.0,-1.0,0.7593896389007568,6.649110640673518,53,4,-12,1002,300,441,588,13
-1,-1,0,-1.0,-1.0,0.7674477100372314,6.083045973594572,53,5,-11,1002,300,441,588,13
0,-1,0,-0.0,-1.0,0.7916626930236816,5.180339887498949,53,5,-10,1002,300,441,588,13
-1,0,0,-1.0,-0.0,0.7992076873779297,5.6619037896906015,53,6,-10,1002,300,441,588,13
0,-1,0,-0.0,-1.0,0.8073575496673584,4.816653826391969,53,6,-9,1002,300,441,588,13
0,0,1,-0.0,-0.0,0.8384385108947754,4.816653826391969,53,6,-9,1002,300,441,588,13
0,0,0,-0.0,-0.0,0.06769251823425293,876.4442728707544,54,-638,634,358,943,996,309,46
-1,0,0,-1.0,-0.0,0.22876644134521484,875.7352224098041,54,-637,634,358,943,996,309,46
-1,1,0,-1.0,1.0,0.23686552047729492,874.3210127930806,54,-636,633,358,943,996,309,46
-6,3,0,-6.0,3.0,0.244781494140625,867.9545442950499,54,-630,630,358,943,996,309,46
-8,7,0,-8.0,7.0,0.2527146339416504,857.3482265558329,54,-622,623,358,943,996,309,46
-10,8,0,-10.0,8.0,0.2610325813293457,844.6226138131717,54,-612,615,358,943,996,309,46
-13,10,0,-13.0,10.0,0.268709659576416,828.3671358468097,54,-599,605,358,943,996,309,46
-15,11,0,-15.0,11.0,0.27689361572265625,810.0018007183418,54,-584,594,358,943,996,309,46
-20,14,0,-20.0,14.0,0.28484463691711426,786.0092706514555,54,-564,580,358,943,996,309,46
-21,16,0,-21.0,16.0,0.298581600189209,759.9080405769249,54,-543,564,358,943,996,309,46
-23,17,0,-23.0,17.0,0.30078864097595215,731.7244530290509,54,-520,547,358,943,996,309,46
-25,19,0,-25.0,19.0,0.30867552757263184,700.7465025822232,54,-495,528,358,943,996,309,46
-27,21,0,-27.0,21.0,0.31671953201293945,666.9804345052112,54,-468,507,358,943,996,309,46
-27,19,0,-27.0,19.0,0.32483959197998047,634.7423507727019,54,-441,488,358,943,996,309,46
-27,19,0,-27.0,19.0,0.33296751976013184,602.5853259148587,54,-414,469,358,943,996,309,46
-25,21,0,-25.0,21.0,0.3407626152038574,570.3169473392784,54,-389,448,358,943,996,309,46
-23,20,0,-23.0,20.0,0.34865760803222656,540.151844532183,54,-366,428,358,943,996,309,46
-22,20,0,-22.0,20.0,0.3566465377807617,510.66656256505337,54,-344,408,358,943,996,309,46
-20,19,0,-20.0,19.0,0.364762544631958,483.25783944547464,54,-324,389,358,943,996,309,46
-21,18,0,-21.0,18.0,0.37270450592041016,456.0093944798995,54,-303,371,358,943,996,309,46
-19,17,0,-19.0,17.0,0.3806486129760742,430.8413819827363,54,-284,354,358,943,996,309,46
-17,15,0,-17.0,15.0,0.38868045806884766,408.52056729662377,54,-267,339,358,943,996,309,46
-15,14,0,-15.0,14.0,0.3966495990753174,388.25296351515817,54,-252,325,358,943,996,309,46
-13,14,0,-13.0,14.0,0.4048645496368408,369.2269751049767,54,-239,311,358,943,996,309,46
-12,13,0,-12.0,13.0,0.4128406047821045,351.61046434930245,54,-227,298,358,943,996,309,46
-12,12,0,-12.0,12.0,0.4208235740661621,334.8002235885271,54,-215,286,358,943,996,309,46
-9,11,0,-9.0,11.0,0.42880845069885254,320.6000582072128,54,-206,275,358,943,996,309,46
-10,10,0,-10.0,10.0,0.4368245601654053,306.607342151233,54,-196,265,358,943,996,309,46
-10,10,0,-10.0,10.0,0.44473862648010254,292.62794553081005,54,-186,255,358,943,996,309,46
-10,11,0,-10.0,11.0,0.4528994560241699,277.8521231435803,54,-176,244,358,943,996,309,46
-11,9,0,-11.0,9.0,0.4607856273651123,264.14108030722457,54,-165,235,358,943,996,309,46
-10,10,0,-10.0,10.0,0.4687924385070801,250.22152184628504,54,-155,225,358,943,996,309,46
-10,9,0,-10.0,9.0,0.47769665718078613,237.155722597063,54,-145,216,358,943,996,309,46
-10,9,0,-10.0,9.0,0.4846465587615967,224.13154391942766,54,-135,207,358,943,996,309,46
-9,8,0,-9.0,8.0,0.49598264694213867,212.53555994796199,54,-126,199,358,943,996,309,46
-7,7,0,-7.0,7.0,0.5008485317230225,202.88713996153035,54,-119,192,358,943,996,309,46
-6,7,0,-6.0,7.0,0.5088305473327637,193.78099547700208,54,-113,185,358,943,996,309,46
-5,5,0,-5.0,5.0,0.5168294906616211,186.91426821443082,54,-108,180,358,943,996,309,46
-5,7,0,-5.0,7.0,0.5248236656188965,178.34050759844627,54,-103,173,358,943,996,309,46
-6,7,0,-6.0,7.0,0.5327856540679932,169.26284092356485,54,-97,166,358,943,996,309,46
-4,6,0,-4.0,6.0,0.540738582611084,162.06485349736184,54,-93,160,358,943,996,309,46
-5,7,0,-5.0,7.0,0.5486786365509033,153.50212463310464,54,-88,153,358,943,996,309,46
-5,6,0,-5.0,6.0,0.5567286014556885,145.81350656863924,54,-83,147,358,943,996,309,46
-5,7,0,-5.0,7.0,0.564800500869751,137.262285020525,54,-78,140,358,943,996,309,46
-5,9,0,-5.0,9.0,0.5728304386138916,126.96666296213968,54,-73,131,358,943,996,309,46
-6,8,0,-6.0,8.0,0.5808475017547607,117.06427096158393,54,-67,123,358,943,996,309,46
-5,7,0,-5.0,7.0,0.5886714458465576,108.52946437965906,54,-62,116,358,943,996,309,46
-4,7,0,-4.0,7.0,0.5967364311218262,100.47064428438041,54,-58,109,358,943,996,309,46
-3,6,0,-3.0,6.0,0.6047966480255127,93.76472069936193,54,-55,103,358,943,996,309,46
-3,4,0,-3.0,4.0,0.6183125972747803,88.8257573191436,54,-52,99,358,943,996,309,46
-3,5,0,-3.0,5.0,0.6207096576690674,83.00471687618433,54,-49,94,358,943,996,309,46
-3,5,0,-3.0,5.0,0.628929615020752,77.18482919085105,54,-46,89,358,943,996,309,46
-4,5,0,-4.0,5.0,0.6367216110229492,70.91485505499116,54,-42,84,358,943,996,309,46
-3,5,0,-3.0,5.0,0.6447384357452393,65.10221336606703,54,-39,79,358,943,996,309,46
-3,5,0,-3.0,5.0,0.652700662612915,59.292162445763935,54,-36,74,358,943,996,309,46
-4,5,0,-4.0,5.0,0.6606786251068115,53.05918747922567,54,-32,69,358,943,996,309,46
-2,4,0,-2.0,4.0,0.6688506603240967,48.58910531638176,54,-30,65,358,943,996,309,46
-4,5,0,-4.0,5.0,0.676830530166626,42.391130897087265,54,-26,60,358,943,996,309,46
-3,4,0,-3.0,4.0,0.6848516464233398,37.53924347066124,54,-23,56,358,943,996,309,46
-2,4,0,-2.0,4.0,0.6927094459533691,33.08029957123981,54,-21,52,358,943,996,309,46
-4,3,0,-4.0,3.0,0.7007615566253662,28.86520991955976,54,-17,49,358,943,996,309,46
-2,3,0,-2.0,3.0,0.708810567855835,25.383881613611777,54,-15,46,358,943,996,309,46
-2,3,0,-2.0,3.0,0.7168376445770264,21.922154890432402,54,-13,43,358,943,996,309,46
-3,3,0,-3.0,3.0,0.7261946201324463,18.231056256176608,54,-10,40,358,943,996,309,46
-2,3,0,-2.0,3.0,0.7327775955200195,14.8549864614954,54,-8,37,358,943,996,309,46
-2,3,0,-2.0,3.0,0.740788459777832,11.525353003264136,54,-6,34,358,943,996,309,46
-3,3,0,-3.0,3.0,0.7487895488739014,8.144823004794873,54,-3,31,358,943,996,309,46
-2,2,0,-2.0,2.0,0.7566976547241211,6.017236257093817,54,-1,29,358,943,996,309,46
-2,2,0,-2.0,2.0,0.7646756172180176,4.018512172212592,54,1,27,358,943,996,309,46
-2,2,0,-2.0,2.0,0.7728285789489746,2.179356624028344,54,3,25,358,943,996,309,46
-1,1,0,-1.0,1.0,0.780780553817749,1.3310501211928774,54,4,24,358,943,996,309,46
-1,1,0,-1.0,1.0,0.7887575626373291,0.5372045918796395,54,5,23,358,943,996,309,46
0,1,0,-0.0,1.0,0.7979435920715332,-0.4389716546430442,54,5,22,358,943,996,309,46
0,0,1,-0.0,-0.0,0.8047575950622559,-0.4389716546430442,54,5,22,358,943,996,309,46
0,0,0,-0.0,-0.0,0.0718379020690918,1542.467243263344,55,1545,38,1898,959,353,921,7
2,-2,0,2.0,-2.0,0.11882591247558594,1540.5183834344184,55,1543,40,1898,959,353,921,7
2,-4,0,2.0,-4.0,0.12691688537597656,1538.6280355520264,55,1541,44,1898,959,353,921,7
4,-4,0,4.0,-4.0,0.1349349021911621,1534.7493293771909,55,1537,48,1898,959,353,921,7
3,-4,0,3.0,-4.0,0.1431589126586914,1531.881102887126,55,1534,52,1898,959,353,921,7
3,-4,0,3.0,-4.0,0.15079998970031738,1529.023824880018,55,1531,56,1898,959,353,921,7
4,-6,0,4.0,-6.0,0.15890288352966309,1525.258158820034,55,1527,62,1898,959,353,921,7
4,-6,0,4.0,-6.0,0.16699886322021484,1521.5173006561781,55,1523,68,1898,959,353,921,7
5,-6,0,5.0,-6.0,0.17495489120483398,1516.802618763371,55,1518,74,1898,959,353,921,7
4,-6,0,4.0,-6.0,0.18288493156433105,1513.1121330561273,55,1514,80,1898,959,353,921,7
6,-5,0,6.0,-5.0,0.1909489631652832,1507.3936572960044,55,1508,85,1898,959,353,921,7
7,-7,0,7.0,-7.0,0.19884300231933594,1500.8168106521487,55,1501,92,1898,959,353,921,7
11,-7,0,11.0,-7.0,0.20685982704162598,1490.2853042871614,55,1490,99,1898,959,353,921,7
15,-8,0,15.0,-8.0,0.21491098403930664,1475.875924477777,55,1475,107,1898,959,353,921,7
22,-8,0,22.0,-8.0,0.22291302680969238,1454.5438243840217,55,1453,115,1898,959,353,921,7
26,-7,0,26.0,-7.0,0.2310488224029541,1429.205641659046,55,1427,122,1898,959,353,921,7
27,-3,0,27.0,-3.0,0.23878884315490723,1402.5692796870599,55,1400,125,1898,959,353,921,7
24,-1,0,24.0,-1.0,0.24692893028259277,1378.7568527060034,55,1376,126,1898,959,353,921,7
21,0,0,21.0,-0.0,0.2548539638519287,1357.8456929424437,55,1355,126,1898,959,353,921,7
18,1,0,18.0,1.0,0.26283884048461914,1339.8305924426952,55,1337,125,1898,959,353,921,7
15,1,0,15.0,1.0,0.27368688583374023,1324.8026961864477,55,1322,124,1898,959,353,921,7
14,1,0,14.0,1.0,0.2787959575653076,1310.7705279081274,55,1308,123,1898,959,353,921,7
15,2,0,15.0,2.0,0.2870938777923584,1295.6492983095936,55,1293,121,1898,959,353,921,7
19,3,0,19.0,3.0,0.29485082626342773,1276.4530081249566,55,1274,118,1898,959,353,921,7
26,4,0,26.0,4.0,0.30284786224365234,1250.1959144523253,55,1248,114,1898,959,353,921,7
31,2,0,31.0,2.0,0.3107929229736328,1219.1427903481656,55,1217,112,1898,959,353,921,7
34,3,0,34.0,3.0,0.3187999725341797,1185.0109427105458,55,1183,109,1898,959,353,921,7
41,3,0,41.0,3.0,0.32700395584106445,1143.9088891450795,55,1142,106,1898,959,353,921,7
43,3,0,43.0,3.0,0.3349618911743164,1100.8161078730461,55,1099,103,1898,959,353,921,7
47,4,0,47.0,4.0,0.3428518772125244,1053.6480019382045,55,1052,99,1898,959,353,921,7
50,4,0,50.0,4.0,0.35085487365722656,1003.4934177628784,55,1002,95,1898,959,353,921,7
54,6,0,54.0,6.0,0.358914852142334,949.1685775113565,55,948,89,1898,959,353,921,7
51,5,0,51.0,5.0,0.3669438362121582,897.9245251407024,55,897,84,1898,959,353,921,7
52,5,0,52.0,5.0,0.3748960494995117,845.6848649528281,55,845,79,1898,959,353,921,7
48,5,0,48.0,5.0,0.3828010559082031,797.42801050438,55,797,74,1898,959,353,921,7
44,6,0,44.0,6.0,0.3909139633178711,753.0641507173846,55,753,68,1898,959,353,921,7
38,6,0,38.0,6.0,0.39908385276794434,714.6830776881952,55,715,62,1898,959,353,921,7
35,6,0,35.0,6.0,0.40697503089904785,679.3019859270527,55,680,56,1898,959,353,921,7
32,5,0,32.0,5.0,0.41480183601379395,647.0038461424671,55,648,51,1898,959,353,921,7
29,5,0,29.0,5.0,0.42281484603881836,617.7068551256704,55,619,46,1898,959,353,921,7
27,4,0,27.0,4.0,0.430919885635376,590.4879948238212,55,592,42,1898,959,353,921,7
26,2,0,26.0,2.0,0.43878889083862305,564.4116671341893,55,566,40,1898,959,353,921,7
25,2,0,25.0,2.0,0.4468710422515869,539.3329235810786,55,541,38,1898,959,353,921,7
24,2,0,24.0,2.0,0.4549379348754883,515.251869268216,55,517,36,1898,959,353,921,7
22,1,0,22.0,1.0,0.4628288745880127,493.2358310319802,55,495,35,1898,959,353,921,7
21,1,0,21.0,1.0,0.4709939956665039,472.2178447827901,55,474,34,1898,959,353,921,7
18,1,0,18.0,1.0,0.47893595695495605,454.1925196238451,55,456,33,1898,959,353,921,7
18,2,0,18.0,2.0,0.4869658946990967,436.09566155907305,55,438,31,1898,959,353,921,7
17,0,0,17.0,-0.0,0.49482083320617676,419.1397872743104,55,421,31,1898,959,353,921,7
16,0,0,16.0,-0.0,0.5028719902038574,403.184687057501,55,405,31,1898,959,353,921,7
15,0,0,15.0,-0.0,0.5108158588409424,388.2301113155786,55,390,31,1898,959,353,921,7
15,0,0,15.0,-0.0,0.5188519954681396,373.27915169458964,55,375,31,1898,959,353,921,7
16,0,0,16.0,-0.0,0.5268869400024414,357.33595435371143,55,359,31,1898,959,353,921,7
15,0,0,15.0,-0.0,0.5354869365692139,342.39397794402845,55,344,31,1898,959,353,921,7
13,0,0,13.0,-0.0,0.5428249835968018,329.4484922510553,55,331,31,1898,959,353,921,7
12,2,0,12.0,2.0,0.5509669780731201,317.31546949843056,55,319,29,1898,959,353,921,7
11,1,0,11.0,1.0,0.5588579177856445,306.2701084812433,55,308,28,1898,959,353,921,7
10,2,0,10.0,2.0,0.5668020248413086,296.1320778519081,55,298,26,1898,959,353,921,7
11,2,0,11.0,2.0,0.5748739242553711,285.00173610587836,55,287,24,1898,959,353,921,7
12,3,0,12.0,3.0,0.5829079151153564,272.80065264607333,55,275,21,1898,959,353,921,7
14,3,0,14.0,3.0,0.5909969806671143,258.6199533674754,55,261,18,1898,959,353,921,7
14,2,0,14.0,2.0,0.5988130569458008,244.51767613647314,55,247,16,1898,959,353,921,7
14,1,0,14.0,1.0,0.606971025466919,230.4823333787805,55,233,15,1898,959,353,921,7
13,1,0,13.0,1.0,0.6149919033050537,217.44500447957535,55,220,14,1898,959,353,921,7
10,0,0,10.0,-0.0,0.6228499412536621,207.4661492972207,55,210,14,1898,959,353,921,7
9,0,0,9.0,-0.0,0.6344668865203857,198.48697228356974,55,201,14,1898,959,353,921,7
6,0,0,6.0,-0.0,0.6389529705047607,192.5019181491578,55,195,14,1898,959,353,921,7
4,0,0,4.0,-0.0,0.646885871887207,188.51240168720145,55,191,14,1898,959,353,921,7
1,-1,0,1.0,-1.0,0.654865026473999,187.59118552545917,55,190,15,1898,959,353,921,7
2,0,0,2.0,-0.0,0.662848949432373,185.59745491389856,55,188,15,1898,959,353,921,7
1,0,0,1.0,-0.0,0.6709029674530029,184.6006396577581,55,187,15,1898,959,353,921,7
1,0,0,1.0,-0.0,0.6789219379425049,183.60385848100785,55,186,15,1898,959,353,921,7
2,0,0,2.0,-0.0,0.6869399547576904,181.61040057374882,55,184,15,1898,959,353,921,7
2,0,0,2.0,-0.0,0.694957971572876,179.61708572858126,55,182,15,1898,959,353,921,7
2,0,0,2.0,-0.0,0.7054500579833984,177.62391868188442,55,180,15,1898,959,353,921,7
3,-1,0,3.0,-1.0,0.7110178470611572,174.72169254201918,55,177,16,1898,959,353,921,7
2,0,0,2.0,-0.0,0.719012975692749,172.72990639046048,55,175,16,1898,959,353,921,7
5,0,0,5.0,-0.0,0.7270920276641846,167.75128110793196,55,170,16,1898,959,353,921,7
4,0,0,4.0,-0.0,0.7350888252258301,163.76930173146374,55,166,16,1898,959,353,921,7
5,0,0,5.0,-0.0,0.7428419589996338,158.7930777258409,55,161,16,1898,959,353,921,7
5,0,0,5.0,-0.0,0.7509720325469971,153.81836627130127,55,156,16,1898,959,353,921,7
5,0,0,5.0,-0.0,0.758976936340332,148.8453160291749,55,151,16,1898,959,353,921,7
5,0,0,5.0,-0.0,0.7670469284057617,143.87409574189726,55,146,16,1898,959,353,921,7
5,0,0,5.0,-0.0,0.7747869491577148,138.90489773083945,55,141,16,1898,959,353,921,7
5,0,0,5.0,-0.0,0.7829749584197998,133.93794214898952,55,136,16,1898,959,353,921,7
6,0,0,6.0,-0.0,0.7909200191497803,127.98091464026353,55,130,16,1898,959,353,921,7
5,0,0,5.0,-0.0,0.7990059852600098,123.01983970788092,55,125,16,1898,959,353,921,7
4,0,0,4.0,-0.0,0.8068249225616455,119.05326705991938,55,121,16,1898,959,353,921,7
4,0,0,4.0,-0.0,0.8149688243865967,115.0889495253472,55,117,16,1898,959,353,921,7
3,0,0,3.0,-0.0,0.8228800296783447,112.11733144926528,55,114,16,1898,959,353,921,7
2,0,0,2.0,-0.0,0.8309409618377686,110.13708498984761,55,112,16,1898,959,353,921,7
1,0,0,1.0,-0.0,0.8389379978179932,109.14722466472365,55,111,16,1898,959,353,921,7
1,0,0,1.0,-0.0,0.8469729423522949,108.15754585272202,55,110,16,1898,959,353,921,7
1,0,0,1.0,-0.0,0.8550200462341309,107.16805344563369,55,109,16,1898,959,353,921,7
1,0,0,1.0,-0.0,0.8630509376525879,106.17875251164945,55,108,16,1898,959,353,921,7
2,1,0,2.0,1.0,0.8708429336547852,104.05606008068857,55,106,15,1898,959,353,921,7
3,0,0,3.0,-0.0,0.8790340423583984,101.08650248711405,55,103,15,1898,959,353,921,7
3,0,0,3.0,-0.0,0.8869829177856445,98.11874208078342,55,100,15,1898,959,353,921,7
3,1,0,3.0,1.0,0.8950109481811523,95.00510190801293,55,97,14,1898,959,353,921,7
3,0,0,3.0,-0.0,0.90293288230896,92.03683496413377,55,94,14,1898,959,353,921,7
1,0,0,1.0,-0.0,0.910938024520874,91.04786015641186,55,93,14,1898,959,353,921,7
2,1,0,2.0,1.0,0.9189348220825195,88.92388155425118,55,91,13,1898,959,353,921,7
2,0,0,2.0,-0.0,0.9269490242004395,86.94442728707543,55,89,13,1898,959,353,921,7
2,0,0,2.0,-0.0,0.9349789619445801,84.96590248499699,55,87,13,1898,959,353,921,7
1,1,0,1.0,1.0,0.9429459571838379,83.83317338436964,55,86,12,1898,959,353,921,7
2,0,0,2.0,-0.0,0.9509799480438232,81.8528137423857,55,84,12,1898,959,353,921,7
2,1,0,2.0,1.0,0.9590330123901367,79.73451516749222,55,82,11,1898,959,353,921,7
2,0,0,2.0,-0.0,0.9668879508972168,77.75270893288967,55,80,11,1898,959,353,921,7
2,0,0,2.0,-0.0,0.9749758243560791,75.77182237323191,55,78,11,1898,959,353,921,7
2,1,0,2.0,1.0,0.9829769134521484,73.6550715869472,55,76,10,1898,959,353,921,7
1,0,0,1.0,-0.0,0.9910619258880615,72.66372975210778,55,75,10,1898,959,353,921,7
1,0,0,1.0,-0.0,0.9988729953765869,71.67261881037788,55,74,10,1898,959,353,921,7
2,0,0,2.0,-0.0,1.0069990158081055,69.69112738154499,55,72,10,1898,959,353,921,7
1,1,0,1.0,1.0,1.0151138305664062,68.56814934033156,55,71,9,1898,959,353,921,7
1,0,0,1.0,-0.0,1.0229058265686035,67.57619995437555,55,70,9,1898,959,353,921,7
1,0,0,1.0,-0.0,1.0310258865356445,66.58448102845921,55,69,9,1898,959,353,921,7
1,0,0,1.0,-0.0,1.038909912109375,65.59300255857006,55,68,9,1898,959,353,921,7
3,1,0,3.0,1.0,1.0469310283660889,62.49045732013177,55,65,8,1898,959,353,921,7
3,0,0,3.0,-0.0,1.05495285987854,59.51399843235114,55,62,8,1898,959,353,921,7
4,2,0,4.0,2.0,1.0629708766937256,55.309518948453004,55,58,6,1898,959,353,921,7
4,1,0,4.0,1.0,1.0710599422454834,51.230987451824994,55,54,5,1898,959,353,921,7
4,1,0,4.0,1.0,1.0788249969482422,47.15974481593781,55,50,4,1898,959,353,921,7
5,2,0,5.0,2.0,1.0869090557098389,42.044422518220834,55,45,2,1898,959,353,921,7
3,1,0,3.0,1.0,1.094985008239746,39.01190307520001,55,42,1,1898,959,353,921,7
3,0,0,3.0,-0.0,1.1029589176177979,36.01281840626232,55,39,1,1898,959,353,921,7
3,0,0,3.0,-0.0,1.1109528541564941,33.013886210738214,55,36,1,1898,959,353,921,7
1,0,0,1.0,-0.0,1.1190128326416016,32.014282800023196,55,35,1,1898,959,353,921,7
2,0,0,2.0,-0.0,1.1268949508666992,30.015148038438355,55,33,1,1898,959,353,921,7
1,0,0,1.0,-0.0,1.13496994972229,29.015621187164243,55,32,1,1898,959,353,921,7
2,0,0,2.0,-0.0,1.1429870128631592,27.01666203960727,55,30,1,1898,959,353,921,7
1,0,0,1.0,-0.0,1.1509900093078613,26.017236257093817,55,29,1,1898,959,353,921,7
2,1,0,2.0,1.0,1.1588678359985352,24.0,55,27,0,1898,959,353,921,7
1,0,0,1.0,-0.0,1.1670138835906982,23.0,55,26,0,1898,959,353,921,7
2,1,0,2.0,1.0,1.1749649047851562,21.020824298928627,55,24,-1,1898,959,353,921,7
2,1,0,2.0,1.0,1.18300199508667,19.090722034374522,55,22,-2,1898,959,353,921,7
2,1,0,2.0,1.0,1.1907830238342285,17.223748416156685,55,20,-3,1898,959,353,921,7
2,1,0,2.0,1.0,1.1989150047302246,15.439088914585774,55,18,-4,1898,959,353,921,7
2,0,0,2.0,-0.0,1.2069120407104492,13.492422502470642,55,16,-4,1898,959,353,921,7
2,1,0,2.0,1.0,1.2148280143737793,11.866068747318506,55,14,-5,1898,959,353,921,7
2,0,0,2.0,-0.0,1.2229418754577637,10.0,55,12,-5,1898,959,353,921,7
2,1,0,2.0,1.0,1.2309439182281494,8.661903789690601,55,10,-6,1898,959,353,921,7
1,0,0,1.0,-0.0,1.238919973373413,7.816653826391969,55,9,-6,1898,959,353,921,7
1,0,0,1.0,-0.0,1.246858835220337,7.0,55,8,-6,1898,959,353,921,7
1,0,0,1.0,-0.0,1.2548978328704834,6.219544457292887,55,7,-6,1898,959,353,921,7
1,0,0,1.0,-0.0,1.2629499435424805,5.4852813742385695,55,6,-6,1898,959,353,921,7
2,1,0,2.0,1.0,1.2709770202636719,5.062257748298549,55,4,-7,1898,959,353,921,7
1,0,0,1.0,-0.0,1.2788889408111572,4.615773105863909,55,3,-7,1898,959,353,921,7
2,0,0,2.0,-0.0,1.2868759632110596,4.0710678118654755,55,1,-7,1898,959,353,921,7
1,0,0,1.0,-0.0,1.2948708534240723,4.0,55,0,-7,1898,959,353,921,7
1,0,0,1.0,-0.0,1.3028700351715088,4.0710678118654755,55,-1,-7,1898,959,353,921,7
1,0,0,1.0,-0.0,1.318861961364746,4.280109889280518,55,-2,-7,1898,959,353,921,7
1,0,0,1.0,-0.0,1.3268589973449707,4.615773105863909,55,-3,-7,1898,959,353,921,7
1,0,0,1.0,-0.0,1.3348839282989502,5.062257748298549,55,-4,-7,1898,959,353,921,7
2,0,0,2.0,-0.0,1.342918872833252,6.219544457292887,55,-6,-7,1898,959,353,921,7
1,0,0,1.0,-0.0,1.3508999347686768,6.899494936611665,55,-7,-7,1898,959,353,921,7
1,0,0,1.0,-0.0,1.358839988708496,7.63014581273465,55,-8,-7,1898,959,353,921,7
1,0,0,1.0,-0.0,1.3668620586395264,8.40175425099138,55,-9,-7,1898,959,353,921,7
0,-1,0,-0.0,-1.0,1.3748939037322998,7.816653826391969,55,-9,-6,1898,959,353,921,7
1,0,0,1.0,-0.0,1.3829050064086914,8.661903789690601,55,-10,-6,1898,959,353,921,7
0,-1,0,-0.0,-1.0,1.3909509181976318,8.180339887498949,55,-10,-5,1898,959,353,921,7
0,-1,0,-0.0,-1.0,1.3988549709320068,7.7703296142690075,55,-10,-4,1898,959,353,921,7
0,-1,0,-0.0,-1.0,1.4068729877471924,7.440306508910551,55,-10,-3,1898,959,353,921,7
1,-2,0,1.0,-2.0,1.4148049354553223,8.045361017187261,55,-11,-1,1898,959,353,921,7
0,-2,0,-0.0,-2.0,1.4228038787841797,8.045361017187261,55,-11,1,1898,959,353,921,7
1,-2,0,1.0,-2.0,1.4308838844299316,9.36931687685298,55,-12,3,1898,959,353,921,7
0,-1,0,-0.0,-1.0,1.4390769004821777,9.649110640673518,55,-12,4,1898,959,353,921,7
0,-1,0,-0.0,-1.0,1.4469578266143799,10.0,55,-12,5,1898,959,353,921,7
0,-1,0,-0.0,-1.0,1.4548640251159668,10.416407864998739,55,-12,6,1898,959,353,921,7
0,0,1,-0.0,-0.0,1.4939358234405518,10.416407864998739,55,-12,6,1898,959,353,921,7
-1,0,1,-1.0,-0.0,1.5827820301055908,9.529964086141668,55,-11,6,1898,959,353,921,7
-1,0,1,-1.0,-0.0,1.5988059043884277,8.661903789690601,55,-10,6,1898,959,353,921,7
0,0,0,-0.0,-0.0,1.601783037185669,8.661903789690601,55,-10,6,1898,959,353,921,7
-1,0,0,-1.0,-0.0,1.6067819595336914,7.816653826391969,55,-9,6,1898,959,353,921,7
-1,0,0,-1.0,-0.0,1.6228649616241455,7.0,55,-8,6,1898,959,353,921,7
-1,0,0,-1.0,-0.0,1.6468100547790527,6.219544457292887,55,-7,6,1898,959,353,921,7
-1,0,0,-1.0,-0.0,1.6629109382629395,5.4852813742385695,55,-6,6,1898,959,353,921,7
-2,0,0,-2.0,-0.0,1.6791069507598877,4.211102550927978,55,-4,6,1898,959,353,921,7
-1,0,0,-1.0,-0.0,1.6949388980865479,3.7082039324993694,55,-3,6,1898,959,353,921,7
-1,1,0,-1.0,1.0,1.702901840209961,2.3851648071345037,55,-2,5,1898,959,353,921,7
0,1,0,-0.0,1.0,1.767024040222168,1.4721359549995796,55,-2,4,1898,959,353,921,7
0,0,1,-0.0,-0.0,1.7889800071716309,1.4721359549995796,55,-2,4,1898,959,353,921,7
0,0,0,-0.0,-0.0,0.06626200675964355,1212.6101008043158,56,-1110,-529,790,426,1900,955,35
-1,0,0,-1.0,-0.0,0.16544413566589355,1211.7074509418424,56,-1109,-529,790,426,1900,955,35
-1,0,0,-1.0,-0.0,0.2374269962310791,1210.804951936585,56,-1108,-529,790,426,1900,955,35
-1,0,0,-1.0,-0.0,0.2454509735107422,1209.9026041214518,56,-1107,-529,790,426,1900,955,35
-3,0,0,-3.0,-0.0,0.2535860538482666,1207.1964711597564,56,-1104,-529,790,426,1900,955,35
-3,0,0,-3.0,-0.0,0.2613029479980469,1204.4917109829275,56,-1101,-529,790,426,1900,955,35
-2,0,0,-2.0,-0.0,0.26929306983947754,1202.6893047001765,56,-1099,-529,790,426,1900,955,35
-4,0,0,-4.0,-0.0,0.27737903594970703,1199.0863456185996,56,-1095,-529,790,426,1900,955,35
-5,-2,0,-5.0,-2.0,0.2853419780731201,1193.714252001685,56,-1090,-527,790,426,1900,955,35
-6,-2,0,-6.0,-2.0,0.29332613945007324,1187.4421945448441,56,-1084,-525,790,426,1900,955,35
-9,-4,0,-9.0,-4.0,0.3013319969177246,1177.5986773808181,56,-1075,-521,790,426,1900,955,35
-9,-5,0,-9.0,-5.0,0.30934691429138184,1167.319213725759,56,-1066,-516,790,426,1900,955,35
-11,-5,0,-11.0,-5.0,0.31726813316345215,1155.2397365726858,56,-1055,-511,790,426,1900,955,35
-14,-7,0,-14.0,-7.0,0.32528209686279297,1139.588518013213,56,-1041,-504,790,426,1900,955,35
-15,-8,0,-15.0,-8.0,0.3332550525665283,1122.6016848004394,56,-1026,-496,790,426,1900,955,35
-19,-10,0,-19.0,-10.0,0.3412599563598633,1101.1435507125193,56,-1007,-486,790,426,1900,955,35
-25,-13,0,-25.0,-13.0,0.3496279716491699,1072.978440153749,56,-982,-473,790,426,1900,955,35
-34,-17,0,-34.0,-17.0,0.35740113258361816,1034.9695813092696,56,-948,-456,790,426,1900,955,35
-44,-22,0,-44.0,-22.0,0.36538004875183105,985.7821298766746,56,-904,-434,790,426,1900,955,35
-51,-24,0,-51.0,-24.0,0.37346410751342773,929.4190403832755,56,-853,-410,790,426,1900,955,35
-50,-22,0,-50.0,-22.0,0.3813450336456299,874.8256556076417,56,-803,-388,790,426,1900,955,35
-50,-21,0,-50.0,-21.0,0.3894219398498535,820.6741609957896,56,-753,-367,790,426,1900,955,35
-50,-21,0,-50.0,-21.0,0.3974339962005615,766.53366232728,56,-703,-346,790,426,1900,955,35
-44,-17,0,-44.0,-17.0,0.40529513359069824,719.5609275545371,56,-659,-329,790,426,1900,955,35
-42,-19,0,-42.0,-19.0,0.4134209156036377,673.4990948582047,56,-617,-310,790,426,1900,955,35
-37,-16,0,-37.0,-16.0,0.4214150905609131,633.2584101724483,56,-580,-294,790,426,1900,955,35
-34,-17,0,-34.0,-17.0,0.42952704429626465,595.2458656454937,56,-546,-277,790,426,1900,955,35
-29,-14,0,-29.0,-14.0,0.43743109703063965,563.0499978450133,56,-517,-263,790,426,1900,955,35
-25,-12,0,-25.0,-12.0,0.44536399841308594,535.326895959268,56,-492,-251,790,426,1900,955,35
-23,-12,0,-23.0,-12.0,0.45331907272338867,509.38579008176123,56,-469,-239,790,426,1900,955,35
-19,-10,0,-19.0,-10.0,0.46139097213745117,487.9168248335561,56,-450,-229,790,426,1900,955,35
-18,-10,0,-18.0,-10.0,0.4694349765777588,467.3397567823645,56,-432,-219,790,426,1900,955,35
-16,-9,0,-16.0,-9.0,0.47733497619628906,449.0,56,-416,-210,790,426,1900,955,35
-15,-7,0,-15.0,-7.0,0.48533010482788086,432.45522580119143,56,-401,-203,790,426,1900,955,35
-11,-5,0,-11.0,-5.0,0.4933509826660156,420.3831272465823,56,-390,-198,790,426,1900,955,35
-7,-4,0,-7.0,-4.0,0.5013530254364014,412.33087473416117,56,-383,-194,790,426,1900,955,35
-4,-3,0,-4.0,-3.0,0.509411096572876,407.40782273657493,56,-379,-191,790,426,1900,955,35
-3,-2,0,-3.0,-2.0,0.5173890590667725,403.82894387149753,56,-376,-189,790,426,1900,955,35
-4,-3,0,-4.0,-3.0,0.5253899097442627,398.9086438149609,56,-372,-186,790,426,1900,955,35
-6,-3,0,-6.0,-3.0,0.5333240032196045,392.2004398824615,56,-366,-183,790,426,1900,955,35
-7,-4,0,-7.0,-4.0,0.5413250923156738,384.15084444632544,56,-359,-179,790,426,1900,955,35
-8,-5,0,-8.0,-5.0,0.5494210720062256,374.7614069813411,56,-351,-174,790,426,1900,955,35
-9,-5,0,-9.0,-5.0,0.5573201179504395,364.4773912042495,56,-342,-169,790,426,1900,955,35
-9,-4,0,-9.0,-4.0,0.5657141208648682,354.6369195868462,56,-333,-165,790,426,1900,955,35
-10,-4,0,-10.0,-4.0,0.573307991027832,343.90164865237176,56,-323,-161,790,426,1900,955,35
-11,-5,0,-11.0,-5.0,0.5815539360046387,331.82660448996717,56,-312,-156,790,426,1900,955,35
-13,-6,0,-13.0,-6.0,0.5892689228057861,317.51606837340415,56,-299,-150,790,426,1900,955,35
-14,-5,0,-14.0,-5.0,0.5974240303039551,302.7655391063896,56,-285,-145,790,426,1900,955,35
-12,-5,0,-12.0,-5.0,0.605384111404419,289.80449801135575,56,-273,-140,790,426,1900,955,35
-14,-6,0,-14.0,-6.0,0.6133959293365479,274.61104231493016,56,-259,-134,790,426,1900,955,35
-13,-6,0,-13.0,-6.0,0.6214599609375,260.308492477241,56,-246,-128,790,426,1900,955,35
-12,-6,0,-12.0,-6.0,0.6293871402740479,246.89391808073185,56,-234,-122,790,426,1900,955,35
-12,-7,0,-12.0,-7.0,0.6373801231384277,233.01799935204664,56,-222,-115,790,426,1900,955,35
-12,-7,0,-12.0,-7.0,0.6453869342803955,219.1440238498531,56,-210,-108,790,426,1900,955,35
-12,-5,0,-12.0,-5.0,0.6535239219665527,206.1882613400624,56,-198,-103,790,426,1900,955,35
-10,-7,0,-10.0,-7.0,0.6614010334014893,194.09239683134018,56,-188,-96,790,426,1900,955,35
-9,-4,0,-9.0,-4.0,0.669409990310669,184.25854019146615,56,-179,-92,790,426,1900,955,35
-8,-4,0,-8.0,-4.0,0.6774039268493652,175.31484602078956,56,-171,-88,790,426,1900,955,35
-6,-3,0,-6.0,-3.0,0.6853821277618408,168.60711193270586,56,-165,-85,790,426,1900,955,35
-8,-5,0,-8.0,-5.0,0.6933579444885254,159.207264322445,56,-157,-80,790,426,1900,955,35
-7,-3,0,-7.0,-3.0,0.7013990879058838,151.60901518009052,56,-150,-77,790,426,1900,955,35
-7,-2,0,-7.0,-2.0,0.7094330787658691,144.47445618425226,56,-143,-75,790,426,1900,955,35
-7,-3,0,-7.0,-3.0,0.7174439430236816,136.88307249337075,56,-136,-72,790,426,1900,955,35
-6,-2,0,-6.0,-2.0,0.7254500389099121,130.648230602334,56,-130,-70,790,426,1900,955,35
-6,-2,0,-6.0,-2.0,0.7334039211273193,124.42135623730951,56,-124,-68,790,426,1900,955,35
-6,-2,0,-6.0,-2.0,0.7413480281829834,118.20355024924456,56,-118,-66,790,426,1900,955,35
-6,-2,0,-6.0,-2.0,0.7492969036102295,111.99612397277679,56,-112,-64,790,426,1900,955,35
-7,-2,0,-7.0,-2.0,0.7576251029968262,104.93850909372314,56,-105,-62,790,426,1900,955,35
-7,-2,0,-7.0,-2.0,0.765394926071167,97.9086593777858,56,-98,-60,790,426,1900,955,35
-7,-3,0,-7.0,-3.0,0.7734129428863525,90.37783756436893,56,-91,-57,790,426,1900,955,35
-6,-2,0,-6.0,-2.0,0.7815139293670654,84.24228365658294,56,-85,-55,790,426,1900,955,35
-7,-2,0,-7.0,-2.0,0.7893269062042236,77.30270409696638,56,-78,-53,790,426,1900,955,35
-9,-4,0,-9.0,-4.0,0.7974050045013428,67.62860036654276,56,-69,-49,790,426,1900,955,35
-9,-3,0,-9.0,-3.0,0.8054239749908447,58.6042326857432,56,-60,-46,790,426,1900,955,35
-9,-4,0,-9.0,-4.0,0.813391923904419,49.06814663663572,56,-51,-42,790,426,1900,955,35
-8,-4,0,-8.0,-4.0,0.8213450908660889,40.38466694161429,56,-43,-38,790,426,1900,955,35
-8,-4,0,-8.0,-4.0,0.8295531272888184,31.795491595023407,56,-35,-34,790,426,1900,955,35
-7,-3,0,-7.0,-3.0,0.8372900485992432,24.773197148410844,56,-28,-31,790,426,1900,955,35
-5,-3,0,-5.0,-3.0,0.8453559875488281,19.235341863986875,56,-23,-28,790,426,1900,955,35
-5,-3,0,-5.0,-3.0,0.8533170223236084,13.805843601498726,56,-18,-25,790,426,1900,955,35
-4,-2,0,-4.0,-2.0,0.8614671230316162,9.92582403567252,56,-14,-23,790,426,1900,955,35
-4,-2,0,-4.0,-2.0,0.8694100379943848,6.259406699226016,56,-10,-21,790,426,1900,955,35
-4,-2,0,-4.0,-2.0,0.8774340152740479,2.9248588451712756,56,-6,-19,790,426,1900,955,35
-4,-2,0,-4.0,-2.0,0.8854260444641113,0.1172427686236901,56,-2,-17,790,426,1900,955,35
-4,-1,0,-4.0,-1.0,0.8934309482574463,-0.8754845034029017,56,2,-16,790,426,1900,955,35
-2,-1,0,-2.0,-1.0,0.9013891220092773,-1.4758253037399758,56,4,-15,790,426,1900,955,35
-1,0,0,-1.0,-0.0,0.9094071388244629,-1.1886116991581037,56,5,-15,790,426,1900,955,35
-2,-1,0,-2.0,-1.0,0.9175229072570801,-1.3475241575014714,56,7,-14,790,426,1900,955,35
-3,0,0,-3.0,-0.0,0.9253780841827393,0.20465053408525335,56,10,-14,790,426,1900,955,35
-2,-1,0,-2.0,-1.0,0.9333820343017578,0.6918060129541317,56,12,-13,790,426,1900,955,35
-3,0,0,-3.0,-0.0,0.9414451122283936,2.8494332412792076,56,15,-13,790,426,1900,955,35
-2,0,0,-2.0,-0.0,0.9494369029998779,4.400934559032695,56,17,-13,790,426,1900,955,35
-1,0,0,-1.0,-0.0,0.9573650360107422,5.203603311174518,56,18,-13,790,426,1900,955,35
0,0,1,-0.0,-0.0,0.9716169834136963,5.203603311174518,56,18,-13,790,426,1900,955,35
0,0,0,-0.0,-0.0,0.06687283515930176,164.1147623204332,57,106,-165,878,274,772,439,64
0,-1,0,-0.0,-1.0,0.20394086837768555,163.27416623813812,57,106,-164,878,274,772,439,64
0,-3,0,-0.0,-3.0,0.21202993392944336,160.7615106809448,57,106,-161,878,274,772,439,64
-2,-9,0,-2.0,-9.0,0.21980977058410645,154.46179233290664,57,108,-152,878,274,772,439,64
-2,-10,0,-2.0,-10.0,0.2278587818145752,147.62182495454164,57,110,-142,878,274,772,439,64
-2,-7,0,-2.0,-7.0,0.23581790924072266,143.410946066658,57,112,-135,878,274,772,439,64
-1,-5,0,-1.0,-5.0,0.2439107894897461,140.246915792417,57,113,-130,878,274,772,439,64
2,-5,0,2.0,-5.0,0.25192999839782715,135.17057157286985,57,111,-125,878,274,772,439,64
6,-6,0,6.0,-6.0,0.2598857879638672,126.70097668256489,57,105,-119,878,274,772,439,64
8,-9,0,8.0,-9.0,0.2679018974304199,114.65946952038249,57,97,-110,878,274,772,439,64
8,-11,0,8.0,-11.0,0.2759518623352051,101.12400234367956,57,89,-99,878,274,772,439,64
7,-11,0,7.0,-11.0,0.28397083282470703,88.28299963003916,57,82,-88,878,274,772,439,64
5,-9,0,5.0,-9.0,0.29190683364868164,78.3177229641729,57,77,-79,878,274,772,439,64
4,-9,0,4.0,-9.0,0.2998960018157959,69.13851887386922,57,73,-70,878,274,772,439,64
4,-6,0,4.0,-6.0,0.30779194831848145,62.11163583744573,57,69,-64,878,274,772,439,64
2,-6,0,2.0,-6.0,0.3160247802734375,56.617154095581284,57,67,-58,878,274,772,439,64
3,-4,0,3.0,-4.0,0.32390785217285156,51.73768566183328,57,64,-54,878,274,772,439,64
3,-5,0,3.0,-5.0,0.3319587707519531,46.24321056807422,57,61,-49,878,274,772,439,64
3,-6,0,3.0,-6.0,0.33991193771362305,40.20110802473879,57,58,-43,878,274,772,439,64
4,-7,0,4.0,-7.0,0.34789490699768066,32.89992295835181,57,54,-36,878,274,772,439,64
4,-5,0,4.0,-5.0,0.3558368682861328,26.83026432033091,57,50,-31,878,274,772,439,64
3,-6,0,3.0,-6.0,0.3638148307800293,21.235326616824658,57,47,-25,878,274,772,439,64
3,-4,0,3.0,-4.0,0.371898889541626,16.754486972995622,57,44,-21,878,274,772,439,64
3,-3,0,3.0,-3.0,0.37999796867370605,12.77722635447622,57,41,-18,878,274,772,439,64
2,-2,0,2.0,-2.0,0.3878037929534912,10.154477816715982,57,39,-16,878,274,772,439,64
1,0,0,1.0,-0.0,0.39588499069213867,9.231056256176608,57,38,-16,878,274,772,439,64
0,-1,0,-0.0,-1.0,0.4039039611816406,8.85339643163099,57,38,-15,878,274,772,439,64
0,0,1,-0.0,-0.0,0.42885780334472656,8.85339643163099,57,38,-15,878,274,772,439,64
1,0,1,1.0,-0.0,0.0038776397705078125,664.7697558560368,58,661,167,1502,456,840,289,34
0,0,0,-0.0,-0.0,0.06496667861938477,664.7697558560368,58,661,167,1502,456,840,289,34
0,2,0,-0.0,2.0,0.16394758224487305,664.2826138982265,58,661,165,1502,456,840,289,34
-1,6,0,-1.0,6.0,0.1720895767211914,663.8267033540915,58,662,159,1502,456,840,289,34
-1,7,0,-1.0,7.0,0.1800844669342041,663.2007056744354,58,663,152,1502,456,840,289,34
0,9,0,-0.0,9.0,0.1880495548248291,661.2462679587703,58,663,143,1502,456,840,289,34
4,12,0,4.0,12.0,0.1959235668182373,654.8943369310385,58,659,131,1502,456,840,289,34
7,17,0,7.0,17.0,0.20401358604431152,644.8912297349165,58,652,114,1502,456,840,289,34
11,16,0,11.0,16.0,0.21195268630981445,631.4481475029442,58,641,98,1502,456,840,289,34
14,14,0,14.0,14.0,0.21994256973266602,615.6017704685943,58,627,84,1502,456,840,289,34
18,10,0,18.0,10.0,0.22795963287353516,596.4794210077466,58,609,74,1502,456,840,289,34
23,6,0,23.0,6.0,0.23597049713134766,572.9321994941453,58,586,68,1502,456,840,289,34
24,5,0,24.0,5.0,0.243943452835083,548.5201145847954,58,562,63,1502,456,840,289,34
26,2,0,26.0,2.0,0.2520265579223633,522.4599151002787,58,536,61,1502,456,840,289,34
27,2,0,27.0,2.0,0.2601206302642822,495.4080405302009,58,509,59,1502,456,840,289,34
28,3,0,28.0,3.0,0.2680175304412842,467.24890294145223,58,481,56,1502,456,840,289,34
27,2,0,27.0,2.0,0.27605652809143066,440.20017497809425,58,454,54,1502,456,840,289,34
26,0,0,26.0,-0.0,0.28402066230773926,414.3930922024598,58,428,54,1502,456,840,289,34
25,1,0,25.0,1.0,0.29208946228027344,389.4701711073028,58,403,53,1502,456,840,289,34
22,0,0,22.0,-0.0,0.2999734878540039,367.66868861398115,58,381,53,1502,456,840,289,34
20,0,0,20.0,-0.0,0.3080005645751953,347.8698398059231,58,361,53,1502,456,840,289,34
19,1,0,19.0,1.0,0.3159666061401367,328.93062888388476,58,342,52,1502,456,840,289,34
18,0,0,18.0,-0.0,0.32401347160339355,311.1463088318989,58,324,52,1502,456,840,289,34
17,2,0,17.0,2.0,0.3321256637573242,294.0450128196882,58,307,50,1502,456,840,289,34
17,1,0,17.0,1.0,0.3400144577026367,277.11052344314373,58,290,49,1502,456,840,289,34
15,1,0,15.0,1.0,0.34806060791015625,262.15766154630256,58,275,48,1502,456,840,289,34
15,2,0,15.0,2.0,0.356001615524292,247.0378760708395,58,260,46,1502,456,840,289,34
13,3,0,13.0,3.0,0.36389851570129395,233.7149776140229,58,247,43,1502,456,840,289,34
11,2,0,11.0,2.0,0.3720996379852295,222.5349661322956,58,236,41,1502,456,840,289,34
10,3,0,10.0,3.0,0.3801405429840088,212.17242417009948,58,226,38,1502,456,840,289,34
10,3,0,10.0,3.0,0.3880746364593506,201.8172753691993,58,216,35,1502,456,840,289,34
11,4,0,11.0,4.0,0.3960225582122803,190.3306537876153,58,205,31,1502,456,840,289,34
12,5,0,12.0,5.0,0.40401268005371094,177.74342094150447,58,193,26,1502,456,840,289,34
12,4,0,12.0,4.0,0.41208553314208984,165.33211456021672,58,181,22,1502,456,840,289,34
13,4,0,13.0,4.0,0.4199535846710205,151.96153408394468,58,168,18,1502,456,840,289,34
14,4,0,14.0,4.0,0.42793750762939453,137.63505424062166,58,154,14,1502,456,840,289,34
13,4,0,13.0,4.0,0.4360795021057129,124.35416513141735,58,141,10,1502,456,840,289,34
11,4,0,11.0,4.0,0.44396448135375977,113.13838787997952,58,130,6,1502,456,840,289,34
9,3,0,9.0,3.0,0.45192646980285645,104.03718436910205,58,121,3,1502,456,840,289,34
8,3,0,8.0,3.0,0.46007561683654785,96.0,58,113,0,1502,456,840,289,34
8,3,0,8.0,3.0,0.4680354595184326,88.04284840006957,58,105,-3,1502,456,840,289,34
7,3,0,7.0,3.0,0.47614145278930664,81.18350166906862,58,98,-6,1502,456,840,289,34
7,2,0,7.0,2.0,0.484020471572876,74.35097153287424,58,91,-8,1502,456,840,289,34
6,1,0,6.0,1.0,0.4920666217803955,68.47514258543241,58,85,-9,1502,456,840,289,34
5,2,0,5.0,2.0,0.5001034736633301,63.752708932889675,58,80,-11,1502,456,840,289,34
6,1,0,6.0,1.0,0.5078916549682617,57.966659255965254,58,74,-12,1502,456,840,289,34
3,0,0,3.0,-0.0,0.5158934593200684,55.00694410957877,58,71,-12,1502,456,840,289,34
2,1,0,2.0,1.0,0.5240116119384766,53.21395872616783,58,69,-13,1502,456,840,289,34
3,0,0,3.0,-0.0,0.5320155620574951,50.268120235368556,58,66,-13,1502,456,840,289,34
2,0,0,2.0,-0.0,0.5401406288146973,48.30696746902278,58,64,-13,1502,456,840,289,34
2,0,0,2.0,-0.0,0.5480256080627441,46.34824385884742,58,62,-13,1502,456,840,289,34
2,0,0,2.0,-0.0,0.5559306144714355,44.39218191268331,58,60,-13,1502,456,840,289,34
3,-1,0,3.0,-1.0,0.5640056133270264,41.249463516842795,58,57,-12,1502,456,840,289,34
3,-1,0,3.0,-1.0,0.5719866752624512,38.10898293381942,58,54,-11,1502,456,840,289,34
3,0,0,3.0,-0.0,0.5800776481628418,35.172789842982326,58,51,-11,1502,456,840,289,34
2,-1,0,2.0,-1.0,0.5880095958709717,33.00999900019995,58,49,-10,1502,456,840,289,34
2,-1,0,2.0,-1.0,0.5960714817047119,30.853944456021594,58,47,-9,1502,456,840,289,34
3,-1,0,3.0,-1.0,0.6039726734161377,27.721359549995796,58,44,-8,1502,456,840,289,34
3,-1,0,3.0,-1.0,0.6119205951690674,24.593268686170845,58,41,-7,1502,456,840,289,34
3,-2,0,3.0,-2.0,0.6201226711273193,21.3275357934736,58,38,-5,1502,456,840,289,34
3,-2,0,3.0,-2.0,0.6280686855316162,18.128336140500593,58,35,-3,1502,456,840,289,34
2,-1,0,2.0,-1.0,0.63612961769104,16.06055050963308,58,33,-2,1502,456,840,289,34
1,0,0,1.0,-0.0,0.6439876556396484,15.062439083762797,58,32,-2,1502,456,840,289,34
1,0,0,1.0,-0.0,0.6840145587921143,14.064449134018133,58,31,-2,1502,456,840,289,34
1,0,0,1.0,-0.0,0.6920945644378662,13.066592756745816,58,30,-2,1502,456,840,289,34
1,0,0,1.0,-0.0,0.7000405788421631,12.068883707497267,58,29,-2,1502,456,840,289,34
0,0,1,-0.0,-0.0,0.7032675743103027,12.068883707497267,58,29,-2,1502,456,840,289,34
2,0,1,2.0,-0.0,-0.0018157958984375,1310.2287556990345,59,-1329,-77,146,381,1473,458,42
2,0,1,2.0,-0.0,0.006102323532104492,1312.2254122990605,59,-1331,-77,146,381,1473,458,42
1,0,1,1.0,-0.0,0.014083385467529297,1313.2237443547465,59,-1332,-77,146,381,1473,458,42
1,0,1,1.0,-0.0,0.030195236206054688,1314.2220789067262,59,-1333,-77,146,381,1473,458,42
1,0,1,1.0,-0.0,0.03814840316772461,1315.2204159494047,59,-1334,-77,146,381,1473,458,42
0,0,0,-0.0,-0.0,0.05010724067687988,1315.2204159494047,59,-1334,-77,146,381,1473,458,42
1,0,0,1.0,-0.0,0.05414223670959473,1316.218755477203,59,-1335,-77,146,381,1473,458,42
2,0,0,2.0,-0.0,0.06216239929199219,1318.2154419659296,59,-1337,-77,146,381,1473,458,42
2,0,0,2.0,-0.0,0.07804226875305176,1320.2121383286092,59,-1339,-77,146,381,1473,458,42
2,0,0,2.0,-0.0,0.08608841896057129,1322.2088445212084,59,-1341,-77,146,381,1473,458,42
2,0,0,2.0,-0.0,0.09406924247741699,1324.2055604999557,59,-1343,-77,146,381,1473,458,42
1,0,0,1.0,-0.0,0.10209321975708008,1325.203922145527,59,-1344,-77,146,381,1473,458,42
1,0,0,1.0,-0.0,0.11012721061706543,1326.202286221338,59,-1345,-77,146,381,1473,458,42
1,0,0,1.0,-0.0,0.1183164119720459,1327.20065272199,59,-1346,-77,146,381,1473,458,42
0,0,1,-0.0,-0.0,0.16025328636169434,1327.20065272199,59,-1346,-77,146,381,1473,458,42
-5,0,1,-5.0,-0.0,0.23012232780456543,1322.2088445212084,59,-1341,-77,146,381,1473,458,42
0,0,0,-0.0,-0.0,0.23523736000061035,1322.2088445212084,59,-1341,-77,146,381,1473,458,42
-8,2,0,-8.0,2.0,0.23819732666015625,1314.3389082925728,59,-1333,-79,146,381,1473,458,42
-10,2,0,-10.0,2.0,0.24625635147094727,1304.4772725324262,59,-1323,-81,146,381,1473,458,42
-12,1,0,-12.0,1.0,0.2541813850402832,1292.5619513368983,59,-1311,-82,146,381,1473,458,42
-16,1,0,-16.0,1.0,0.2621803283691406,1276.657119581286,59,-1295,-83,146,381,1473,458,42
-19,1,0,-19.0,1.0,0.2702503204345703,1257.7619012153905,59,-1276,-84,146,381,1473,458,42
-21,0,0,-21.0,-0.0,0.27823734283447266,1236.8080139671554,59,-1255,-84,146,381,1473,458,42
-23,0,0,-23.0,-0.0,0.2860832214355469,1213.860315987197,59,-1232,-84,146,381,1473,458,42
-30,-1,0,-30.0,-1.0,0.29418420791625977,1183.8622327884627,59,-1202,-83,146,381,1473,458,42
-38,-3,0,-38.0,-3.0,0.30212926864624023,1145.7459020712265,59,-1164,-80,146,381,1473,458,42
-43,-2,0,-43.0,-2.0,0.31006741523742676,1102.710371937538,59,-1121,-78,146,381,1473,458,42
-48,-3,0,-48.0,-3.0,0.3181173801422119,1054.6179619177062,59,-1073,-75,146,381,1473,458,42
-49,-3,0,-49.0,-3.0,0.326113224029541,1005.5281291810761,59,-1024,-72,146,381,1473,458,42
-51,-4,0,-51.0,-4.0,0.33418726921081543,954.3732618849052,59,-973,-68,146,381,1473,458,42
-51,-5,0,-51.0,-5.0,0.34206628799438477,903.1498796191016,59,-922,-63,146,381,1473,458,42
-54,-3,0,-54.0,-3.0,0.35015320777893066,849.0712614493137,59,-868,-60,146,381,1473,458,42
-51,-3,0,-51.0,-3.0,0.358168363571167,797.9859583655876,59,-817,-57,146,381,1473,458,42
-51,-4,0,-51.0,-4.0,0.3660883903503418,746.8313616934386,59,-766,-53,146,381,1473,458,42
-49,-3,0,-49.0,-3.0,0.3740732669830322,697.7412608164359,59,-717,-50,146,381,1473,458,42
-46,-2,0,-46.0,-2.0,0.3821682929992676,651.714649758722,59,-671,-48,146,381,1473,458,42
-43,-3,0,-43.0,-3.0,0.39017534255981445,608.6101968678715,59,-628,-45,146,381,1473,458,42
-40,-2,0,-40.0,-2.0,0.3983173370361328,568.5701824210583,59,-588,-43,146,381,1473,458,42
-34,-3,0,-34.0,-3.0,0.4061293601989746,534.4421662063477,59,-554,-40,146,381,1473,458,42
-31,-2,0,-31.0,-2.0,0.41413426399230957,503.3786799632495,59,-523,-38,146,381,1473,458,42
-25,-2,0,-25.0,-2.0,0.4221482276916504,478.29950931279717,59,-498,-36,146,381,1473,458,42
-22,-2,0,-22.0,-2.0,0.43013930320739746,456.2127408190188,59,-476,-34,146,381,1473,458,42
-19,-2,0,-19.0,-2.0,0.43813633918762207,437.11898017873045,59,-457,-32,146,381,1473,458,42
-16,-2,0,-16.0,-2.0,0.44618725776672363,421.0192303508977,59,-441,-30,146,381,1473,458,42
-15,-2,0,-15.0,-2.0,0.4540703296661377,405.91919610155736,59,-426,-28,146,381,1473,458,42
-15,-2,0,-15.0,-2.0,0.4620473384857178,390.82156330138906,59,-411,-26,146,381,1473,458,42
-16,-2,0,-16.0,-2.0,0.4702143669128418,374.7284422429098,59,-395,-24,146,381,1473,458,42
-17,-1,0,-17.0,-1.0,0.4781503677368164,357.6990889875496,59,-378,-23,146,381,1473,458,42
-15,-1,0,-15.0,-1.0,0.48621320724487305,342.6660556059639,59,-363,-22,146,381,1473,458,42
-14,-1,0,-14.0,-1.0,0.49416232109069824,328.6312343026578,59,-349,-21,146,381,1473,458,42
-12,-1,0,-12.0,-1.0,0.5022492408752441,316.5929501633587,59,-337,-20,146,381,1473,458,42
-9,-1,0,-9.0,-1.0,0.5101513862609863,307.54984401152893,59,-328,-19,146,381,1473,458,42
-8,-2,0,-8.0,-2.0,0.5181753635406494,299.45124434147544,59,-320,-17,146,381,1473,458,42
-7,-1,0,-7.0,-1.0,0.5262184143066406,292.40867888429636,59,-313,-16,146,381,1473,458,42
-5,-2,0,-5.0,-2.0,0.5341722965240479,287.3180176376334,59,-308,-14,146,381,1473,458,42
-4,0,0,-4.0,-0.0,0.5422182083129883,283.32219767871027,59,-304,-14,146,381,1473,458,42
-3,-1,0,-3.0,-1.0,0.550316333770752,280.2806001056158,59,-301,-13,146,381,1473,458,42
-4,0,0,-4.0,-0.0,0.5582191944122314,276.28437564056406,59,-297,-13,146,381,1473,458,42
-3,-1,0,-3.0,-1.0,0.5662233829498291,273.24479604574145,59,-294,-12,146,381,1473,458,42
-5,0,0,-5.0,-0.0,0.5741572380065918,268.2490276561012,59,-289,-12,146,381,1473,458,42
-6,-1,0,-6.0,-1.0,0.5821852684020996,262.21370023358685,59,-283,-11,146,381,1473,458,42
-7,0,0,-7.0,-0.0,0.5900862216949463,255.2191159206763,59,-276,-11,146,381,1473,458,42
-8,0,0,-8.0,-0.0,0.5982582569122314,247.22565127146208,59,-268,-11,146,381,1473,458,42
-9,0,0,-9.0,-0.0,0.6061382293701172,238.23348549136165,59,-259,-11,146,381,1473,458,42
-8,-1,0,-8.0,-1.0,0.6141853332519531,230.19912420229494,59,-251,-10,146,381,1473,458,42
-9,0,0,-9.0,-0.0,0.6222083568572998,221.20652344641752,59,-242,-10,146,381,1473,458,42
-9,0,0,-9.0,-0.0,0.6301074028015137,212.21449354617735,59,-233,-10,146,381,1473,458,42
-10,0,0,-10.0,-0.0,0.6381373405456543,202.22410264126944,59,-223,-10,146,381,1473,458,42
-10,0,0,-10.0,-0.0,0.6462972164154053,192.23461257497573,59,-213,-10,146,381,1473,458,42
-13,0,0,-13.0,-0.0,0.6541802883148193,179.24984394500785,59,-200,-10,146,381,1473,458,42
-12,1,0,-12.0,1.0,0.6621813774108887,167.32153355365392,59,-188,-11,146,381,1473,458,42
-14,1,0,-14.0,1.0,0.6702103614807129,153.41330224498358,59,-174,-12,146,381,1473,458,42
-14,1,0,-14.0,1.0,0.6781044006347656,139.52725625263767,59,-160,-13,146,381,1473,458,42
-13,1,0,-13.0,1.0,0.6862263679504395,126.6651617681029,59,-147,-14,146,381,1473,458,42
-11,1,0,-11.0,1.0,0.6941304206848145,115.82470537150812,59,-136,-15,146,381,1473,458,42
-10,0,0,-10.0,-0.0,0.7021772861480713,105.8897158953396,59,-126,-15,146,381,1473,458,42
-8,1,0,-8.0,1.0,0.710186243057251,98.07980517283357,59,-118,-16,146,381,1473,458,42
-7,0,0,-7.0,-0.0,0.7180922031402588,91.14722466472365,59,-111,-16,146,381,1473,458,42
-8,1,0,-8.0,1.0,0.726163387298584,83.39348638684312,59,-103,-17,146,381,1473,458,42
-6,0,0,-6.0,-0.0,0.734133243560791,77.47842403288143,59,-97,-17,146,381,1473,458,42
-7,1,0,-7.0,1.0,0.742180347442627,70.78235124467012,59,-90,-18,146,381,1473,458,42
-5,0,0,-5.0,-0.0,0.7501852512359619,65.88498144098322,59,-85,-18,146,381,1473,458,42
-6,0,0,-6.0,-0.0,0.7582292556762695,60.02468759581859,59,-79,-18,146,381,1473,458,42
-5,1,0,-5.0,1.0,0.7662603855133057,55.40026177965623,59,-74,-19,146,381,1473,458,42
-3,0,0,-3.0,-0.0,0.7741973400115967,52.49829930005184,59,-71,-19,146,381,1473,458,42
-3,0,0,-3.0,-0.0,0.7822592258453369,49.60453243241541,59,-68,-19,146,381,1473,458,42
-2,0,0,-2.0,-0.0,0.7901663780212402,47.6804193347711,59,-66,-19,146,381,1473,458,42
-2,1,0,-2.0,1.0,0.7981212139129639,46.052218456960844,59,-64,-20,146,381,1473,458,42
-1,0,0,-1.0,-0.0,0.8060684204101562,45.09841147864296,59,-63,-20,146,381,1473,458,42
-2,0,0,-2.0,-0.0,0.8140983581542969,43.19501538281614,59,-61,-20,146,381,1473,458,42
0,0,1,-0.0,-0.0,0.8191912174224854,43.19501538281614,59,-61,-20,146,381,1473,458,42
-1,0,1,-1.0,-0.0,0.8231122493743896,42.245553203367585,59,-60,-20,146,381,1473,458,42
-1,0,1,-1.0,-0.0,0.8382453918457031,41.297672508690084,59,-59,-20,146,381,1473,458,42
-1,0,1,-1.0,-0.0,0.8461763858795166,40.35144660071187,59,-58,-20,146,381,1473,458,42
-2,0,1,-2.0,-0.0,0.8541393280029297,38.464274989274024,59,-56,-20,146,381,1473,458,42
-1,1,1,-1.0,1.0,0.8702054023742676,37.872744118140105,59,-55,-21,146,381,1473,458,42
-1,0,1,-1.0,-0.0,0.8782052993774414,36.9396237474839,59,-54,-21,146,381,1473,458,42
-2,0,1,-2.0,-0.0,0.886202335357666,35.08029957123981,59,-52,-21,146,381,1473,458,42
-2,0,1,-2.0,-0.0,0.8942263126373291,33.230987451824994,59,-50,-21,146,381,1473,458,42
-3,1,1,-3.0,1.0,0.9021053314208984,30.894122981316485,59,-47,-22,146,381,1473,458,42
0,0,0,-0.0,-0.0,0.9091033935546875,30.894122981316485,59,-47,-22,146,381,1473,458,42
-3,1,0,-3.0,1.0,0.9126863479614258,28.64876634922564,59,-44,-23,146,381,1473,458,42
-3,0,0,-3.0,-0.0,0.9181833267211914,26.010637094172637,59,-41,-23,146,381,1473,458,42
-3,1,0,-3.0,1.0,0.9262573719024658,23.944410108488462,59,-38,-24,146,381,1473,458,42
-2,1,0,-2.0,1.0,0.9340803623199463,22.829214001622255,59,-36,-25,146,381,1473,458,42
-2,2,0,-2.0,2.0,0.9423344135284424,22.416586692184822,59,-34,-27,146,381,1473,458,42
-3,1,0,-3.0,1.0,0.9501073360443115,20.773197148410844,59,-31,-28,146,381,1473,458,42
-4,1,0,-4.0,1.0,0.9581573009490967,18.6232255123179,59,-27,-29,146,381,1473,458,42
-5,1,0,-5.0,1.0,0.9661903381347656,16.20215047547655,59,-22,-30,146,381,1473,458,42
-5,1,0,-5.0,1.0,0.9741673469543457,14.355339059327378,59,-17,-31,146,381,1473,458,42
-4,1,0,-4.0,1.0,0.9822542667388916,13.539832078341085,59,-13,-32,146,381,1473,458,42
-3,1,0,-3.0,1.0,0.9901123046875,13.481879299133332,59,-10,-33,146,381,1473,458,42
-3,0,0,-3.0,-0.0,0.9981632232666016,12.734255586865999,59,-7,-33,146,381,1473,458,42
-1,1,0,-1.0,1.0,1.0061333179473877,13.525353003264136,59,-6,-34,146,381,1473,458,42
0,0,1,-0.0,-0.0,1.0371503829956055,13.525353003264136,59,-6,-34,146,381,1473,458,42
0,0,0,-0.0,-0.0,0.0773763656616211,588.136275345992,60,563,-260,715,155,152,415,65
0,1,0,-0.0,1.0,0.1374824047088623,588.556202128381,60,563,-261,715,155,152,415,65
2,0,0,2.0,-0.0,0.14537835121154785,586.742272679021,60,561,-261,715,155,152,415,65
5,1,0,5.0,1.0,0.15335845947265625,582.6381049040159,60,556,-262,715,155,152,415,65
6,2,0,6.0,2.0,0.16143441200256348,578.07868344993,60,550,-264,715,155,152,415,65
6,0,0,6.0,-0.0,0.16949939727783203,572.675119382301,60,544,-264,715,155,152,415,65
7,1,0,7.0,1.0,0.1775674819946289,566.8271870915681,60,537,-265,715,155,152,415,65
9,0,0,9.0,-0.0,0.1853785514831543,558.7698367384713,60,528,-265,715,155,152,415,65
12,0,0,12.0,-0.0,0.19334053993225098,548.0698233833579,60,516,-265,715,155,152,415,65
19,-2,0,19.0,-2.0,0.20140647888183594,530.297074507773,60,497,-263,715,155,152,415,65
22,-5,0,22.0,-5.0,0.2095034122467041,508.54509525108074,60,475,-258,715,155,152,415,65
27,-6,0,27.0,-6.0,0.21752142906188965,482.01167301920293,60,448,-252,715,155,152,415,65
34,-7,0,34.0,-7.0,0.2254934310913086,449.0623660192096,60,414,-245,715,155,152,415,65
34,-9,0,34.0,-9.0,0.2334294319152832,415.3209138862166,60,380,-236,715,155,152,415,65
35,-10,0,35.0,-10.0,0.24137449264526367,380.4330248658562,60,345,-226,715,155,152,415,65
36,-13,0,36.0,-13.0,0.24942946434020996,343.2998800959041,60,309,-213,715,155,152,415,65
36,-15,0,36.0,-15.0,0.25731635093688965,305.2432356623332,60,273,-198,715,155,152,415,65
34,-16,0,34.0,-16.0,0.2653665542602539,268.4080558174165,60,239,-182,715,155,152,415,65
26,-16,0,26.0,-16.0,0.2733933925628662,238.04629232781554,60,213,-166,715,155,152,415,65
21,-15,0,21.0,-15.0,0.281536340713501,212.2642012248213,60,192,-151,715,155,152,415,65
16,-15,0,16.0,-15.0,0.28966355323791504,190.4230203913255,60,176,-136,715,155,152,415,65
12,-13,0,12.0,-13.0,0.2975325584411621,173.0,60,164,-123,715,155,152,415,65
11,-11,0,11.0,-11.0,0.3053743839263916,157.61276328348785,60,153,-112,715,155,152,415,65
8,-11,0,8.0,-11.0,0.31357550621032715,144.70880000724355,60,145,-101,715,155,152,415,65
8,-12,0,8.0,-12.0,0.3213815689086914,131.37074401495514,60,137,-89,715,155,152,415,65
8,-11,0,8.0,-11.0,0.32941436767578125,118.74813431681335,60,129,-78,715,155,152,415,65
7,-11,0,7.0,-11.0,0.3374605178833008,107.18692467326088,60,122,-67,715,155,152,415,65
7,-8,0,7.0,-8.0,0.34546947479248047,97.25169244539896,60,115,-59,715,155,152,415,65
3,-6,0,3.0,-6.0,0.3535444736480713,91.90722335683259,60,112,-53,715,155,152,415,65
4,-5,0,4.0,-5.0,0.3615114688873291,86.18629362155326,60,108,-48,715,155,152,415,65
3,-4,0,3.0,-4.0,0.3694133758544922,81.84638773364749,60,105,-44,715,155,152,415,65
5,-3,0,5.0,-3.0,0.3773815631866455,76.07867504739313,60,100,-41,715,155,152,415,65
5,-2,0,5.0,-2.0,0.38547849655151367,70.69371937952194,60,95,-39,715,155,152,415,65
6,-3,0,6.0,-3.0,0.3934793472290039,64.00520819205592,60,89,-36,715,155,152,415,65
7,-1,0,7.0,-1.0,0.40141940116882324,57.157164602739584,60,82,-35,715,155,152,415,65
7,-2,0,7.0,-2.0,0.4093754291534424,49.93900170248598,60,75,-33,715,155,152,415,65
8,-2,0,8.0,-2.0,0.41758036613464355,41.824115301167,60,67,-31,715,155,152,415,65
10,0,0,10.0,-0.0,0.4254944324493408,32.88451279003334,60,57,-31,715,155,152,415,65
11,-1,0,11.0,-1.0,0.4335024356842041,22.918120870983927,60,46,-30,715,155,152,415,65
12,-1,0,12.0,-1.0,0.4414653778076172,12.687805943008662,60,34,-29,715,155,152,415,65
10,0,0,10.0,-0.0,0.44953441619873047,5.643060449437421,60,24,-29,715,155,152,415,65
7,-1,0,7.0,-1.0,0.4574315547943115,0.7566787083183968,60,17,-28,715,155,152,415,65
4,0,0,4.0,-0.0,0.4653644561767578,-1.129301919133738,60,13,-28,715,155,152,415,65
2,0,0,2.0,-0.0,0.4734385013580322,-1.9167820870173529,60,11,-28,715,155,152,415,65
0,0,1,-0.0,-0.0,0.5104384422302246,-1.9167820870173529,60,11,-28,715,155,152,415,65
0,0,0,-0.0,-0.0,0.06877446174621582,1131.3358818975546,61,1151,-100,1855,83,704,183,48
1,0,0,1.0,-0.0,0.07875847816467285,1130.3396380615195,61,1150,-100,1855,83,704,183,48
1,0,0,1.0,-0.0,0.08671045303344727,1129.343400726774,61,1149,-100,1855,83,704,183,48
3,0,0,3.0,-0.0,0.09479451179504395,1126.3547278991816,61,1146,-100,1855,83,704,183,48
6,2,0,6.0,2.0,0.10264348983764648,1120.5540616327391,61,1140,-102,1855,83,704,183,48
8,3,0,8.0,3.0,0.11082053184509277,1112.8592700945883,61,1132,-105,1855,83,704,183,48
9,4,0,9.0,4.0,0.11890554428100586,1104.2774481482825,61,1123,-109,1855,83,704,183,48
9,5,0,9.0,5.0,0.12674641609191895,1095.8178423297247,61,1114,-114,1855,83,704,183,48
8,6,0,8.0,6.0,0.1347973346710205,1088.4908988391771,61,1106,-120,1855,83,704,183,48
9,7,0,9.0,7.0,0.1428544521331787,1080.3269443421182,61,1097,-127,1855,83,704,183,48
7,7,0,7.0,7.0,0.15069341659545898,1074.205809491099,61,1090,-134,1855,83,704,183,48
6,8,0,6.0,8.0,0.1588125228881836,1069.2611764807164,61,1084,-142,1855,83,704,183,48
5,9,0,5.0,9.0,0.16665339469909668,1065.5145708066507,61,1079,-151,1855,83,704,183,48
6,12,0,6.0,12.0,0.17463946342468262,1061.3100939362907,61,1073,-163,1855,83,704,183,48
8,12,0,8.0,12.0,0.18279242515563965,1055.2821688511303,61,1065,-175,1855,83,704,183,48
8,12,0,8.0,12.0,0.19096136093139648,1049.414179149875,61,1057,-187,1855,83,704,183,48
11,12,0,11.0,12.0,0.1987755298614502,1040.76147563668,61,1046,-199,1855,83,704,183,48
16,10,0,16.0,10.0,0.2067723274230957,1026.9904852090717,61,1030,-209,1855,83,704,183,48
17,8,0,17.0,8.0,0.2147524356842041,1011.9816600693277,61,1013,-217,1855,83,704,183,48
19,5,0,19.0,5.0,0.2226393222808838,994.4890770155564,61,994,-222,1855,83,704,183,48
21,3,0,21.0,3.0,0.230757474899292,974.6761236757391,61,973,-225,1855,83,704,183,48
23,3,0,23.0,3.0,0.2386183738708496,952.9769700458655,61,950,-228,1855,83,704,183,48
23,1,0,23.0,1.0,0.24671435356140137,930.8664828131732,61,927,-229,1855,83,704,183,48
25,1,0,25.0,1.0,0.2546713352203369,906.8619661367629,61,902,-230,1855,83,704,183,48
27,0,0,27.0,-0.0,0.2628793716430664,880.7237147328459,61,875,-230,1855,83,704,183,48
30,-1,0,30.0,-1.0,0.2707843780517578,851.4804395302044,61,845,-229,1855,83,704,183,48
31,-4,0,31.0,-4.0,0.27869248390197754,820.52412635756,61,814,-225,1855,83,704,183,48
33,-7,0,33.0,-7.0,0.28670740127563477,786.8544875623493,61,781,-218,1855,83,704,183,48
34,-7,0,34.0,-7.0,0.29487037658691406,752.2280592712427,61,747,-211,1855,83,704,183,48
34,-9,0,34.0,-9.0,0.3026285171508789,717.062075672477,61,713,-202,1855,83,704,183,48
34,-8,0,34.0,-8.0,0.3107724189758301,682.1706592602103,61,679,-194,1855,83,704,183,48
31,-6,0,31.0,-6.0,0.3188643455505371,650.7206829496188,61,648,-188,1855,83,704,183,48
33,-6,0,33.0,-6.0,0.32678651809692383,617.3649507105919,61,615,-182,1855,83,704,183,48
34,-6,0,34.0,-6.0,0.3347585201263428,583.0724833164488,61,581,-176,1855,83,704,183,48
36,-6,0,36.0,-6.0,0.3428335189819336,546.8984147814741,61,545,-170,1855,83,704,183,48
37,-5,0,37.0,-5.0,0.3507864475250244,510.1245173178254,61,508,-165,1855,83,704,183,48
38,-4,0,38.0,-4.0,0.35884547233581543,472.8108291895417,61,470,-161,1855,83,704,183,48
37,-3,0,37.0,-3.0,0.3667123317718506,436.9262413879253,61,433,-158,1855,83,704,183,48
34,-4,0,34.0,-4.0,0.3746013641357422,403.68797037092355,61,399,-154,1855,83,704,183,48
33,-4,0,33.0,-4.0,0.3827693462371826,371.5451933723882,61,366,-150,1855,83,704,183,48
29,-4,0,29.0,-4.0,0.390749454498291,343.26693289758606,61,337,-146,1855,83,704,183,48
29,-5,0,29.0,-5.0,0.3987765312194824,314.74031351464504,61,308,-141,1855,83,704,183,48
26,-6,0,26.0,-6.0,0.4068334102630615,288.648364780627,61,282,-135,1855,83,704,183,48
26,-7,0,26.0,-7.0,0.4146745204925537,262.2167011199731,61,256,-128,1855,83,704,183,48
25,-6,0,25.0,-6.0,0.42275333404541016,237.23743988946148,61,231,-122,1855,83,704,183,48
24,-7,0,24.0,-7.0,0.4307563304901123,212.799493242701,61,207,-115,1855,83,704,183,48
22,-7,0,22.0,-7.0,0.43874645233154297,190.21717951648975,61,185,-108,1855,83,704,183,48
19,-5,0,19.0,-5.0,0.44673752784729004,171.35864454894235,61,166,-103,1855,83,704,183,48
15,-3,0,15.0,-3.0,0.4547734260559082,157.11046352985792,61,151,-100,1855,83,704,183,48
11,-2,0,11.0,-2.0,0.46265745162963867,146.89177862027185,61,140,-98,1855,83,704,183,48
10,-1,0,10.0,-1.0,0.4707014560699463,138.2004932174992,61,130,-97,1855,83,704,183,48
8,-2,0,8.0,-2.0,0.4787154197692871,130.62535367784935,61,122,-95,1855,83,704,183,48
7,-1,0,7.0,-1.0,0.48679447174072266,124.52945835759317,61,115,-94,1855,83,704,183,48
7,-2,0,7.0,-2.0,0.4947354793548584,117.8731828077456,61,108,-92,1855,83,704,183,48
6,-2,0,6.0,-2.0,0.5028183460235596,112.02940858505562,61,102,-90,1855,83,704,183,48
5,-2,0,5.0,-2.0,0.510615348815918,106.96946208945045,61,97,-88,1855,83,704,183,48
5,-2,0,5.0,-2.0,0.5187945365905762,101.93649193144932,61,92,-86,1855,83,704,183,48
6,-2,0,6.0,-2.0,0.52663254737854,96.21647141718975,61,86,-84,1855,83,704,183,48
8,-4,0,8.0,-4.0,0.5347704887390137,87.73182178770737,61,78,-80,1855,83,704,183,48
8,-4,0,8.0,-4.0,0.5427234172821045,79.32473082471591,61,70,-76,1855,83,704,183,48
9,-5,0,9.0,-5.0,0.5506753921508789,69.60555539069249,61,61,-71,1855,83,704,183,48
9,-5,0,9.0,-5.0,0.5588023662567139,60.02380615040002,61,52,-66,1855,83,704,183,48
7,-4,0,7.0,-4.0,0.566840410232544,52.60939890117922,61,45,-62,1855,83,704,183,48
7,-2,0,7.0,-2.0,0.5747044086456299,47.02112361825881,61,38,-60,1855,83,704,183,48
6,-3,0,6.0,-3.0,0.5826554298400879,41.36818798161687,61,32,-57,1855,83,704,183,48
5,-2,0,5.0,-2.0,0.5906484127044678,37.26989472816156,61,27,-55,1855,83,704,183,48
2,-2,0,2.0,-2.0,0.5986983776092529,34.60034129593445,61,25,-53,1855,83,704,183,48
2,-1,0,2.0,-1.0,0.6066653728485107,32.859475903318,61,23,-52,1855,83,704,183,48
2,-2,0,2.0,-2.0,0.6147065162658691,30.230987451824994,61,21,-50,1855,83,704,183,48
3,-1,0,3.0,-1.0,0.6228275299072266,28.201532544552748,61,18,-49,1855,83,704,183,48
2,-2,0,2.0,-2.0,0.6306464672088623,25.64876634922564,61,16,-47,1855,83,704,183,48
3,-2,0,3.0,-2.0,0.6386723518371582,22.840153714521477,61,13,-45,1855,83,704,183,48
2,-2,0,2.0,-2.0,0.6467764377593994,20.384682042344295,61,11,-43,1855,83,704,183,48
1,-1,0,1.0,-1.0,0.6548135280609131,19.174066289845804,61,10,-42,1855,83,704,183,48
1,-1,0,1.0,-1.0,0.6627774238586426,17.97618372363071,61,9,-41,1855,83,704,183,48
2,-1,0,2.0,-1.0,0.6707375049591064,16.607881008493905,61,7,-40,1855,83,704,183,48
1,-2,0,1.0,-2.0,0.678647518157959,14.470768123342687,61,6,-38,1855,83,704,183,48
2,-1,0,2.0,-1.0,0.6867003440856934,13.21558813185679,61,4,-37,1855,83,704,183,48
1,-1,0,1.0,-1.0,0.6947534084320068,12.124783736376884,61,3,-36,1855,83,704,183,48
1,-1,0,1.0,-1.0,0.7188544273376465,11.05709628591621,61,2,-35,1855,83,704,183,48
0,0,1,-0.0,-0.0,0.7336335182189941,11.05709628591621,61,2,-35,1855,83,704,183,48
2,0,1,2.0,-0.0,0.7346713542938232,11.0,61,0,-35,1855,83,704,183,48
1,-1,1,1.0,-1.0,0.004485607147216797,438.8108306684391,62,-225,401,1631,518,1855,118,42
1,0,1,1.0,-0.0,0.012430667877197266,439.3009884847088,62,-226,401,1631,518,1855,118,42
0,0,0,-0.0,-0.0,0.06334877014160156,439.3009884847088,62,-226,401,1631,518,1855,118,42
-1,0,0,-1.0,-0.0,0.13255572319030762,438.8108306684391,62,-225,401,1631,518,1855,118,42
-3,1,0,-3.0,1.0,0.14029979705810547,436.4756824138306,62,-222,400,1631,518,1855,118,42
-3,3,0,-3.0,3.0,0.14833879470825195,432.3982796614914,62,-219,397,1631,518,1855,118,42
-5,4,0,-5.0,4.0,0.1564617156982422,426.4874299910557,62,-214,393,1631,518,1855,118,42
-7,6,0,-7.0,6.0,0.16427183151245117,417.8826722485179,62,-207,387,1631,518,1855,118,42
-11,8,0,-11.0,8.0,0.17247581481933594,405.68137995464485,62,-196,379,1631,518,1855,118,42
-16,8,0,-16.0,8.0,0.18043184280395508,391.3602793674483,62,-180,371,1631,518,1855,118,42
-23,11,0,-23.0,11.0,0.18843579292297363,371.7454646459969,62,-157,360,1631,518,1855,118,42
-28,14,0,-28.0,14.0,0.1963818073272705,348.2654871498283,62,-129,346,1631,518,1855,118,42
-31,16,0,-31.0,16.0,0.2044847011566162,323.24409944107975,62,-98,330,1631,518,1855,118,42
-32,20,0,-32.0,20.0,0.2124037742614746,295.9479452528443,62,-66,310,1631,518,1855,118,42
-28,20,0,-28.0,20.0,0.22039461135864258,271.4790590794493,62,-38,290,1631,518,1855,118,42
-20,20,0,-20.0,20.0,0.22837567329406738,249.59933481071232,62,-18,270,1631,518,1855,118,42
-14,17,0,-14.0,17.0,0.23644065856933594,232.03161857759991,62,-4,253,1631,518,1855,118,42
-7,12,0,-7.0,12.0,0.24440979957580566,220.0186714758838,62,3,241,1631,518,1855,118,42
-1,8,0,-1.0,8.0,0.25243568420410156,212.03433223454437,62,4,233,1631,518,1855,118,42
0,6,0,-0.0,6.0,0.26038384437561035,206.03523955544875,62,4,227,1631,518,1855,118,42
0,3,0,-0.0,3.0,0.26869678497314453,203.03571143904713,62,4,224,1631,518,1855,118,42
0,3,0,-0.0,3.0,0.27652573585510254,200.03619613086,62,4,221,1631,518,1855,118,42
1,5,0,1.0,5.0,0.2844376564025879,195.0208323287363,62,3,216,1631,518,1855,118,42
2,5,0,2.0,5.0,0.2925417423248291,190.00236965494014,62,1,211,1631,518,1855,118,42
3,7,0,3.0,7.0,0.3005378246307373,183.00980368599937,62,-2,204,1631,518,1855,118,42
4,7,0,4.0,7.0,0.30849361419677734,176.0913493789111,62,-6,197,1631,518,1855,118,42
3,6,0,3.0,6.0,0.31640172004699707,170.21192431435858,62,-9,191,1631,518,1855,118,42
5,8,0,5.0,8.0,0.32446861267089844,162.53473785635242,62,-14,183,1631,518,1855,118,42
5,6,0,5.0,6.0,0.332439661026001,157.01685313475238,62,-19,177,1631,518,1855,118,42
3,6,0,3.0,6.0,0.34047579765319824,151.40939649566667,62,-22,171,1631,518,1855,118,42
3,8,0,3.0,8.0,0.348834753036499,143.90603384958357,62,-25,163,1631,518,1855,118,42
3,7,0,3.0,7.0,0.3563346862792969,137.4929020492716,62,-28,156,1631,518,1855,118,42
3,9,0,3.0,9.0,0.3643357753753662,129.23315213360866,62,-31,147,1631,518,1855,118,42
3,8,0,3.0,8.0,0.3723006248474121,122.09786860746738,62,-34,139,1631,518,1855,118,42
3,8,0,3.0,8.0,0.38042473793029785,115.12494260788506,62,-37,131,1631,518,1855,118,42
3,8,0,3.0,8.0,0.38849878311157227,108.34063553268942,62,-40,123,1631,518,1855,118,42
2,9,0,2.0,9.0,0.3964087963104248,100.49074038789952,62,-42,114,1631,518,1855,118,42
2,8,0,2.0,8.0,0.40433382987976074,93.76933388322858,62,-44,106,1631,518,1855,118,42
2,9,0,2.0,9.0,0.41244077682495117,86.35455276791944,62,-46,97,1631,518,1855,118,42
1,8,0,1.0,8.0,0.42049169540405273,79.64790112068906,62,-47,89,1631,518,1855,118,42
1,7,0,1.0,7.0,0.4283578395843506,74.01578816175763,62,-48,82,1631,518,1855,118,42
1,7,0,1.0,7.0,0.43643975257873535,68.58794561770016,62,-49,75,1631,518,1855,118,42
1,7,0,1.0,7.0,0.44441676139831543,63.403791384036765,62,-50,68,1631,518,1855,118,42
0,5,0,-0.0,5.0,0.4526486396789551,59.43009387039157,62,-50,63,1631,518,1855,118,42
0,5,0,-0.0,5.0,0.4604976177215576,55.576758876306585,62,-50,58,1631,518,1855,118,42
-1,5,0,-1.0,5.0,0.46854162216186523,51.180329730474355,62,-49,53,1631,518,1855,118,42
-1,6,0,-1.0,6.0,0.47643065452575684,46.178865724273734,62,-48,47,1631,518,1855,118,42
-2,6,0,-2.0,6.0,0.48439764976501465,40.61980201201558,62,-46,41,1631,518,1855,118,42
-3,6,0,-3.0,6.0,0.49243879318237305,34.44366510251645,62,-43,35,1631,518,1855,118,42
-4,8,0,-4.0,8.0,0.5004556179046631,26.434164902525687,62,-39,27,1631,518,1855,118,42
-4,7,0,-4.0,7.0,0.5084288120269775,19.311288741492746,62,-35,20,1631,518,1855,118,42
-4,6,0,-4.0,6.0,0.5164217948913574,13.0147027033899,62,-31,14,1631,518,1855,118,42
-3,5,0,-3.0,5.0,0.5245456695556641,8.410882339705484,62,-28,9,1631,518,1855,118,42
-3,2,0,-3.0,2.0,0.5324206352233887,4.9615099714943405,62,-25,7,1631,518,1855,118,42
-2,2,0,-2.0,2.0,0.5404198169708252,2.5372045918796395,62,-23,5,1631,518,1855,118,42
-3,1,0,-3.0,1.0,0.5484237670898438,-0.603921945628862,62,-20,4,1631,518,1855,118,42
-4,1,0,-4.0,1.0,0.556438684463501,-4.721179403900294,62,-16,3,1631,518,1855,118,42
-4,1,0,-4.0,1.0,0.5644147396087646,-8.834474939403561,62,-12,2,1631,518,1855,118,42
-3,0,0,-3.0,-0.0,0.5724046230316162,-11.780455542707113,62,-9,2,1631,518,1855,118,42
-4,0,0,-4.0,-0.0,0.5804576873779297,-15.614835192865495,62,-5,2,1631,518,1855,118,42
-3,0,0,-3.0,-0.0,0.5884346961975098,-18.17157287525381,62,-2,2,1631,518,1855,118,42
-2,0,0,-2.0,-0.0,0.5963466167449951,-19.0,62,0,2,1631,518,1855,118,42
-1,1,0,-1.0,1.0,0.6043107509613037,-19.585786437626904,62,1,1,1631,518,1855,118,42
-1,0,0,-1.0,-0.0,0.6124086380004883,-18.76393202250021,62,2,1,1631,518,1855,118,42
-1,0,0,-1.0,-0.0,0.6204288005828857,-17.837722339831622,62,3,1,1631,518,1855,118,42
0,0,1,-0.0,-0.0,0.6263866424560547,-17.837722339831622,62,3,1,1631,518,1855,118,42
0,0,0,-0.0,-0.0,0.07013964653015137,329.43463179763387,63,213,263,1841,780,1628,517,18
-1,0,0,-1.0,-0.0,0.1349656581878662,330.0648905445682,63,214,263,1841,780,1628,517,18
-1,2,0,-1.0,2.0,0.14296174049377441,329.1508539099081,63,215,261,1841,780,1628,517,18
-3,2,0,-3.0,2.0,0.15093374252319336,329.53360246805636,63,218,259,1841,780,1628,517,18
-3,1,0,-3.0,1.0,0.1589677333831787,330.7131142596647,63,221,258,1841,780,1628,517,18
-4,2,0,-4.0,2.0,0.16694378852844238,331.82400150224163,63,225,256,1841,780,1628,517,18
-5,0,0,-5.0,-0.0,0.1748945713043213,335.14531814336806,63,230,256,1841,780,1628,517,18
-7,0,0,-7.0,-0.0,0.18286871910095215,339.8624370722649,63,237,256,1841,780,1628,517,18
-9,0,0,-9.0,-0.0,0.19085979461669922,346.03802613241305,63,246,256,1841,780,1628,517,18
-10,0,0,-10.0,-0.0,0.19900965690612793,353.03867196751236,63,256,256,1841,780,1628,517,18
-13,0,0,-13.0,-0.0,0.20696663856506348,362.3448532025185,63,269,256,1841,780,1628,517,18
-12,0,0,-12.0,-0.0,0.21491479873657227,371.12761015216984,63,281,256,1841,780,1628,517,18
-10,0,0,-10.0,-0.0,0.2229597568511963,378.5783791699429,63,291,256,1841,780,1628,517,18
-4,1,0,-4.0,1.0,0.23084473609924316,380.9358921669048,63,295,255,1841,780,1628,517,18
-1,0,0,-1.0,-0.0,0.23885273933410645,381.6929740857903,63,296,255,1841,780,1628,517,18
1,3,0,1.0,3.0,0.26287269592285156,378.98066962156764,63,295,252,1841,780,1628,517,18
6,9,0,6.0,9.0,0.27092456817626953,368.58442764499705,63,289,243,1841,780,1628,517,18
8,9,0,8.0,9.0,0.2789626121520996,356.6733515037704,63,281,234,1841,780,1628,517,18
10,10,0,10.0,10.0,0.28696274757385254,342.5920931989228,63,271,224,1841,780,1628,517,18
12,12,0,12.0,12.0,0.2950136661529541,325.7013594235912,63,259,212,1841,780,1628,517,18
13,13,0,13.0,13.0,0.30295872688293457,307.4127051810657,63,246,199,1841,780,1628,517,18
14,13,0,14.0,13.0,0.31098079681396484,288.3550066839299,63,232,186,1841,780,1628,517,18
16,14,0,16.0,14.0,0.3189046382904053,267.1159176867571,63,216,172,1841,780,1628,517,18
16,15,0,16.0,15.0,0.32695579528808594,245.26167623139747,63,200,157,1841,780,1628,517,18
16,16,0,16.0,16.0,0.3348827362060547,222.81242417092315,63,184,141,1841,780,1628,517,18
15,16,0,15.0,16.0,0.3430016040802002,201.20466217474817,63,169,125,1841,780,1628,517,18
14,14,0,14.0,14.0,0.35097360610961914,181.64626930522402,63,155,111,1841,780,1628,517,18
14,15,0,14.0,15.0,0.3589816093444824,161.57842770995398,63,141,96,1841,780,1628,517,18
14,15,0,14.0,15.0,0.3669595718383789,141.63200191194434,63,127,81,1841,780,1628,517,18
13,13,0,13.0,13.0,0.3749556541442871,123.74034804836094,63,114,68,1841,780,1628,517,18
14,14,0,14.0,14.0,0.3829517364501953,104.64858116140297,63,100,54,1841,780,1628,517,18
12,11,0,12.0,11.0,0.39083266258239746,88.94386147176351,63,88,43,1841,780,1628,517,18
12,10,0,12.0,10.0,0.398897647857666,73.85529554590944,63,76,33,1841,780,1628,517,18
10,8,0,10.0,8.0,0.4069845676422119,61.576199954375554,63,66,25,1841,780,1628,517,18
9,7,0,9.0,7.0,0.4149646759033203,50.77457653551382,63,57,18,1841,780,1628,517,18
7,5,0,7.0,5.0,0.42303466796875,42.66236541235796,63,50,13,1841,780,1628,517,18
6,4,0,6.0,4.0,0.43097376823425293,35.91102314577124,63,44,9,1841,780,1628,517,18
5,4,0,5.0,4.0,0.43909573554992676,30.319206502675,63,39,5,1841,780,1628,517,18
4,3,0,4.0,3.0,0.4469587802886963,26.05709628591621,63,35,2,1841,780,1628,517,18
3,2,0,3.0,2.0,0.45496559143066406,23.0,63,32,0,1841,780,1628,517,18
4,2,0,4.0,2.0,0.4629197120666504,19.071337695236398,63,28,-2,1841,780,1628,517,18
3,1,0,3.0,1.0,0.47086262702941895,16.179356624028344,63,25,-3,1841,780,1628,517,18
3,0,0,3.0,-0.0,0.47885680198669434,13.203603311174518,63,22,-3,1841,780,1628,517,18
3,1,0,3.0,1.0,0.48688769340515137,10.4164878389476,63,19,-4,1841,780,1628,517,18
4,2,0,4.0,2.0,0.4949066638946533,7.15549442140351,63,15,-6,1841,780,1628,517,18
3,1,0,3.0,1.0,0.5029675960540771,4.892443989449804,63,12,-7,1841,780,1628,517,18
2,1,0,2.0,1.0,0.5109195709228516,3.806248474865697,63,10,-8,1841,780,1628,517,18
3,0,0,3.0,-0.0,0.5190086364746094,1.63014581273465,63,7,-8,1841,780,1628,517,18
1,1,0,1.0,1.0,0.5271306037902832,1.8166538263919687,63,6,-9,1841,780,1628,517,18
2,0,0,2.0,-0.0,0.5351316928863525,0.8488578017961039,63,4,-9,1841,780,1628,517,18
1,1,0,1.0,1.0,0.5428197383880615,1.4403065089105507,63,3,-10,1841,780,1628,517,18
1,0,0,1.0,-0.0,0.5589706897735596,1.198039027185569,63,2,-10,1841,780,1628,517,18
2,0,0,2.0,-0.0,0.5670037269592285,1.0,63,0,-10,1841,780,1628,517,18
1,1,0,1.0,1.0,0.5749375820159912,2.045361017187261,63,-1,-11,1841,780,1628,517,18
2,1,0,2.0,1.0,0.582953691482544,3.369316876852981,63,-3,-12,1841,780,1628,517,18
1,1,0,1.0,1.0,0.5909507274627686,4.601470508735444,63,-4,-13,1841,780,1628,517,18
1,0,0,1.0,-0.0,0.5990557670593262,4.928388277184119,63,-5,-13,1841,780,1628,517,18
1,1,0,1.0,1.0,0.6071007251739502,6.231546211727817,63,-6,-14,1841,780,1628,517,18
1,0,0,1.0,-0.0,0.6149616241455078,6.652475842498529,63,-7,-14,1841,780,1628,517,18
1,0,0,1.0,-0.0,0.6229417324066162,7.124515496597098,63,-8,-14,1841,780,1628,517,18
1,0,0,1.0,-0.0,0.6309597492218018,7.643316977093239,63,-9,-14,1841,780,1628,517,18
0,0,1,-0.0,-0.0,0.7199447154998779,7.643316977093239,63,-9,-14,1841,780,1628,517,18
-1,0,1,-1.0,-0.0,0.040696144104003906,901.265825676537,64,-671,-621,1178,173,1850,794,27
-1,0,1,-1.0,-0.0,0.048583030700683594,900.5321559748185,64,-670,-621,1178,173,1850,794,27
-1,0,1,-1.0,-0.0,0.05672311782836914,899.7989921116258,64,-669,-621,1178,173,1850,794,27
0,0,0,-0.0,-0.0,0.0746300220489502,899.7989921116258,64,-669,-621,1178,173,1850,794,27
-1,0,0,-1.0,-0.0,0.14473605155944824,899.0663353068131,64,-668,-621,1178,173,1850,794,27
-1,0,0,-1.0,-0.0,0.1527252197265625,898.3341867833117,64,-667,-621,1178,173,1850,794,27
-2,0,0,-2.0,-0.0,0.1606590747833252,896.8714194873911,64,-665,-621,1178,173,1850,794,27
-1,0,0,-1.0,-0.0,0.16871905326843262,896.1408031762737,64,-664,-621,1178,173,1850,794,27
-1,0,0,-1.0,-0.0,0.17653417587280273,895.4107000690822,64,-663,-621,1178,173,1850,794,27
-3,-1,0,-3.0,-1.0,0.18461918830871582,892.5385138137417,64,-660,-620,1178,173,1850,794,27
-3,0,0,-3.0,-0.0,0.19269919395446777,890.3543047996174,64,-657,-620,1178,173,1850,794,27
-5,-1,0,-5.0,-1.0,0.2006990909576416,886.0355944010225,64,-652,-619,1178,173,1850,794,27
-6,-2,0,-6.0,-2.0,0.2087709903717041,880.3112559461008,64,-646,-617,1178,173,1850,794,27
-7,-3,0,-7.0,-3.0,0.21663713455200195,873.1811327262616,64,-639,-614,1178,173,1850,794,27
-11,-6,0,-11.0,-6.0,0.2246720790863037,861.0983926309441,64,-628,-608,1178,173,1850,794,27
-16,-7,0,-16.0,-7.0,0.23262810707092285,844.7557927522262,64,-612,-601,1178,173,1850,794,27
-19,-11,0,-19.0,-11.0,0.24064302444458008,823.5100118946575,64,-593,-590,1178,173,1850,794,27
-24,-15,0,-24.0,-15.0,0.24862003326416016,795.9412834068985,64,-569,-575,1178,173,1850,794,27
-28,-18,0,-28.0,-18.0,0.2566490173339844,763.485672759002,64,-541,-557,1178,173,1850,794,27
-27,-22,0,-27.0,-22.0,0.26467108726501465,728.9036325561427,64,-514,-535,1178,173,1850,794,27
-29,-24,0,-29.0,-24.0,0.2725231647491455,691.5182751355709,64,-485,-511,1178,173,1850,794,27
-28,-27,0,-28.0,-27.0,0.28054118156433105,652.6613252998856,64,-457,-484,1178,173,1850,794,27
-28,-30,0,-28.0,-30.0,0.288776159286499,611.6254877924852,64,-429,-454,1178,173,1850,794,27
-27,-30,0,-27.0,-30.0,0.296658992767334,571.27733141035,64,-402,-424,1178,173,1850,794,27
-23,-27,0,-23.0,-27.0,0.30455899238586426,535.8624600025037,64,-379,-397,1178,173,1850,794,27
-21,-26,0,-21.0,-26.0,0.3126680850982666,502.5627992786136,64,-358,-371,1178,173,1850,794,27
-18,-23,0,-18.0,-23.0,0.32076120376586914,473.52235303221164,64,-340,-348,1178,173,1850,794,27
-19,-22,0,-19.0,-22.0,0.32867908477783203,444.5117484830308,64,-321,-326,1178,173,1850,794,27
-18,-21,0,-18.0,-21.0,0.33655810356140137,416.9232489642773,64,-303,-305,1178,173,1850,794,27
-19,-20,0,-19.0,-20.0,0.34458208084106445,389.3443798538759,64,-284,-285,1178,173,1850,794,27
-19,-20,0,-19.0,-20.0,0.35254812240600586,361.7665940288702,64,-265,-265,1178,173,1850,794,27
-20,-21,0,-20.0,-21.0,0.36069321632385254,332.77593901253454,64,-245,-244,1178,173,1850,794,27
-20,-19,0,-20.0,-19.0,0.3686490058898926,305.1980515339464,64,-225,-225,1178,173,1850,794,27
-17,-17,0,-17.0,-17.0,0.3767731189727783,281.15642097360376,64,-208,-208,1178,173,1850,794,27
-17,-16,0,-17.0,-16.0,0.38463401794433594,257.8228203087768,64,-191,-192,1178,173,1850,794,27
-15,-13,0,-15.0,-13.0,0.39274120330810547,238.03187048659777,64,-176,-179,1178,173,1850,794,27
-13,-14,0,-13.0,-14.0,0.4005122184753418,218.93533581582605,64,-163,-165,1178,173,1850,794,27
-11,-11,0,-11.0,-11.0,0.40866518020629883,203.3792966066763,64,-152,-154,1178,173,1850,794,27
-9,-8,0,-9.0,-8.0,0.4165329933166504,191.36486977951958,64,-143,-146,1178,173,1850,794,27
-9,-9,0,-9.0,-9.0,0.42476820945739746,178.637678967368,64,-134,-137,1178,173,1850,794,27
-7,-7,0,-7.0,-7.0,0.43264007568359375,168.738823590338,64,-127,-130,1178,173,1850,794,27
-8,-7,0,-8.0,-7.0,0.4408230781555176,158.14321488157222,64,-119,-123,1178,173,1850,794,27
-7,-7,0,-7.0,-7.0,0.448803186416626,148.24515496597098,64,-112,-116,1178,173,1850,794,27
-6,-5,0,-6.0,-5.0,0.4566001892089844,140.48289807011074,64,-106,-111,1178,173,1850,794,27
-5,-6,0,-5.0,-6.0,0.464663028717041,132.69145479402695,64,-101,-105,1178,173,1850,794,27
-3,-3,0,-3.0,-3.0,0.4727141857147217,128.4496376806954,64,-98,-102,1178,173,1850,794,27
-4,-5,0,-4.0,-5.0,0.480571985244751,122.07405376311175,64,-94,-97,1178,173,1850,794,27
-3,-4,0,-3.0,-4.0,0.4888122081756592,117.11533345459327,64,-91,-93,1178,173,1850,794,27
-3,-3,0,-3.0,-3.0,0.4965510368347168,112.8729518204765,64,-88,-90,1178,173,1850,794,27
-3,-3,0,-3.0,-3.0,0.5047070980072021,108.63058825805291,64,-85,-87,1178,173,1850,794,27
-2,-3,0,-2.0,-3.0,0.5127232074737549,105.0889495253472,64,-83,-84,1178,173,1850,794,27
-4,-4,0,-4.0,-4.0,0.5206429958343506,99.43220179290273,64,-79,-80,1178,173,1850,794,27
-4,-5,0,-4.0,-5.0,0.5286819934844971,93.06601717798213,64,-75,-75,1178,173,1850,794,27
-5,-5,0,-5.0,-5.0,0.5366661548614502,85.99494936611666,64,-70,-70,1178,173,1850,794,27
-5,-5,0,-5.0,-5.0,0.5445921421051025,78.92388155425118,64,-65,-65,1178,173,1850,794,27
-5,-5,0,-5.0,-5.0,0.5526180267333984,71.8528137423857,64,-60,-60,1178,173,1850,794,27
-5,-5,0,-5.0,-5.0,0.5606691837310791,64.78174593052023,64,-55,-55,1178,173,1850,794,27
-6,-5,0,-6.0,-5.0,0.5686972141265869,57.00714249274856,64,-49,-50,1178,173,1850,794,27
-7,-5,0,-7.0,-5.0,0.5767052173614502,48.554853586049575,64,-42,-45,1178,173,1850,794,27
-5,-5,0,-5.0,-5.0,0.5846521854400635,41.48853090330111,64,-37,-40,1178,173,1850,794,27
-4,-4,0,-4.0,-4.0,0.5925991535186768,35.83646178829912,64,-33,-36,1178,173,1850,794,27
-6,-4,0,-6.0,-4.0,0.6006569862365723,28.86884283091664,64,-27,-32,1178,173,1850,794,27
-5,-5,0,-5.0,-5.0,0.6087641716003418,21.828149534535996,64,-22,-27,1178,173,1850,794,27
-3,-2,0,-3.0,-2.0,0.6167080402374268,18.400636936215164,64,-19,-25,1178,173,1850,794,27
-4,-2,0,-4.0,-2.0,0.6245071887969971,14.459060435491963,64,-15,-23,1178,173,1850,794,27
-3,-2,0,-3.0,-2.0,0.6325831413269043,11.186773244895647,64,-12,-21,1178,173,1850,794,27
-4,-2,0,-4.0,-2.0,0.6406130790710449,7.615528128088304,64,-8,-19,1178,173,1850,794,27
-2,-1,0,-2.0,-1.0,0.6486160755157471,5.973665961010276,64,-6,-18,1178,173,1850,794,27
-3,-2,0,-3.0,-2.0,0.6566400527954102,3.278820596099706,64,-3,-16,1178,173,1850,794,27
-1,-2,0,-1.0,-2.0,0.6646060943603516,1.142135623730951,64,-2,-14,1178,173,1850,794,27
-2,-1,0,-2.0,-1.0,0.6725151538848877,0.0,64,0,-13,1178,173,1850,794,27
-1,-1,0,-1.0,-1.0,0.680711030960083,-0.9584054212077042,64,1,-12,1178,173,1850,794,27
-1,-1,0,-1.0,-1.0,0.689054012298584,-1.819660112501051,64,2,-11,1178,173,1850,794,27
-1,-1,0,-1.0,-1.0,0.6965560913085938,-2.5596934910894493,64,3,-10,1178,173,1850,794,27
0,0,1,-0.0,-0.0,0.741563081741333,-2.5596934910894493,64,3,-10,1178,173,1850,794,27
0,0,0,-0.0,-0.0,0.11033272743225098,833.4379810551163,65,-644,540,531,723,1175,183,15
-1,2,0,-1.0,2.0,0.13539958000183105,831.3871420769763,65,-643,538,531,723,1175,183,15
-1,6,0,-1.0,6.0,0.14339971542358398,826.7793473095865,65,-642,532,531,723,1175,183,15
-1,9,0,-1.0,9.0,0.15153169631958008,820.2907590442431,65,-641,523,531,723,1175,183,15
-3,10,0,-3.0,10.0,0.1594066619873047,811.6653773062594,65,-638,513,531,723,1175,183,15
-3,12,0,-3.0,12.0,0.16736865043640137,801.8423826679707,65,-635,501,531,723,1175,183,15
-5,15,0,-5.0,15.0,0.17547059059143066,788.6732997908124,65,-630,486,531,723,1175,183,15
-7,17,0,-7.0,17.0,0.18329668045043945,772.8012567314828,65,-623,469,531,723,1175,183,15
-8,20,0,-8.0,20.0,0.1915135383605957,754.4630654207728,65,-615,449,531,723,1175,183,15
-10,21,0,-10.0,21.0,0.19946956634521484,734.086364737606,65,-605,428,531,723,1175,183,15
-11,22,0,-11.0,22.0,0.20757365226745605,712.4942668291388,65,-594,406,531,723,1175,183,15
-16,20,0,-16.0,20.0,0.21541070938110352,688.0395672190181,65,-578,386,531,723,1175,183,15
-17,21,0,-17.0,21.0,0.22348475456237793,662.2876810460506,65,-561,365,531,723,1175,183,15
-19,21,0,-19.0,21.0,0.2313976287841797,634.9501538281613,65,-542,344,531,723,1175,183,15
-20,19,0,-20.0,19.0,0.2394256591796875,607.9056838247635,65,-522,325,531,723,1175,183,15
-20,19,0,-20.0,19.0,0.2473616600036621,580.9115579744968,65,-502,306,531,723,1175,183,15
-20,17,0,-20.0,17.0,0.2553846836090088,555.0008896790112,65,-482,289,531,723,1175,183,15
-21,16,0,-21.0,16.0,0.2633066177368164,528.770473243907,65,-461,273,531,723,1175,183,15
-21,14,0,-21.0,14.0,0.2714047431945801,503.56929010664163,65,-440,259,531,723,1175,183,15
-20,12,0,-20.0,12.0,0.279430627822876,480.24634426540337,65,-420,247,531,723,1175,183,15
-18,11,0,-18.0,11.0,0.28740763664245605,459.1544808322666,65,-402,236,531,723,1175,183,15
-18,10,0,-18.0,10.0,0.29540467262268066,438.56929876282993,65,-384,226,531,723,1175,183,15
-18,9,0,-18.0,9.0,0.30344152450561523,418.4938307425855,65,-366,217,531,723,1175,183,15
-17,9,0,-17.0,9.0,0.31143856048583984,399.2819218227658,65,-349,208,531,723,1175,183,15
-16,8,0,-16.0,8.0,0.31935572624206543,381.444333206188,65,-333,200,531,723,1175,183,15
-16,10,0,-16.0,10.0,0.32727861404418945,362.57949077295945,65,-317,190,531,723,1175,183,15
-17,10,0,-17.0,10.0,0.3353416919708252,342.85711369071805,65,-300,180,531,723,1175,183,15
-16,11,0,-16.0,11.0,0.34343457221984863,323.47995400629065,65,-284,169,531,723,1175,183,15
-15,9,0,-15.0,9.0,0.3515326976776123,305.987220186384,65,-269,160,531,723,1175,183,15
-15,10,0,-15.0,10.0,0.359447717666626,287.98474536829866,65,-254,150,531,723,1175,183,15
-15,10,0,-15.0,10.0,0.36746668815612793,269.9855591903665,65,-239,140,531,723,1175,183,15
-13,11,0,-13.0,11.0,0.3753366470336914,253.2249027283899,65,-226,129,531,723,1175,183,15
-16,11,0,-16.0,11.0,0.3833625316619873,233.88171371027732,65,-210,118,531,723,1175,183,15
-14,11,0,-14.0,11.0,0.39138364791870117,216.3047245357787,65,-196,107,531,723,1175,183,15
-16,11,0,-16.0,11.0,0.3994007110595703,197.0,65,-180,96,531,723,1175,183,15
-15,11,0,-15.0,11.0,0.40741562843322754,178.60711193270586,65,-165,85,531,723,1175,183,15
-14,10,0,-14.0,10.0,0.4153916835784912,161.6001186239203,65,-151,75,531,723,1175,183,15
-12,9,0,-12.0,9.0,0.42341160774230957,146.87332452377834,65,-139,66,531,723,1175,183,15
-10,8,0,-10.0,8.0,0.4314846992492676,134.4390328021229,65,-129,58,531,723,1175,183,15
-8,6,0,-8.0,6.0,0.43947672843933105,124.70041761513136,65,-121,52,531,723,1175,183,15
-6,5,0,-6.0,5.0,0.44725775718688965,117.23365083583433,65,-115,47,531,723,1175,183,15
-4,3,0,-4.0,3.0,0.4553375244140625,112.4026800369238,65,-111,44,531,723,1175,183,15
-5,3,0,-5.0,3.0,0.46334052085876465,106.65298060323803,65,-106,41,531,723,1175,183,15
-4,2,0,-4.0,2.0,0.47135472297668457,102.20164833920778,65,-102,39,531,723,1175,183,15
-3,1,0,-3.0,1.0,0.4794795513153076,99.04244433244644,65,-99,38,531,723,1175,183,15
-2,2,0,-2.0,2.0,0.4873795509338379,96.46496991735899,65,-97,36,531,723,1175,183,15
-2,2,0,-2.0,2.0,0.4954385757446289,93.90094152187085,65,-95,34,531,723,1175,183,15
-3,2,0,-3.0,2.0,0.5033905506134033,90.40636529508737,65,-92,32,531,723,1175,183,15
-4,3,0,-4.0,3.0,0.5115735530853271,85.65527507918802,65,-88,29,531,723,1175,183,15
-2,2,0,-2.0,2.0,0.5194015502929688,83.13878188659973,65,-86,27,531,723,1175,183,15
-4,2,0,-4.0,2.0,0.5273046493530273,78.72630868059116,65,-82,25,531,723,1175,183,15
-3,3,0,-3.0,3.0,0.53536057472229,75.00609733428362,65,-79,22,531,723,1175,183,15
-3,1,0,-3.0,1.0,0.5434637069702148,71.84795495128583,65,-76,21,531,723,1175,183,15
-3,2,0,-3.0,2.0,0.5515146255493164,68.43208866258443,65,-73,19,531,723,1175,183,15
-3,2,0,-3.0,2.0,0.5593776702880859,65.03471385380801,65,-70,17,531,723,1175,183,15
-2,1,0,-2.0,1.0,0.5673666000366211,62.856996786291916,65,-68,16,531,723,1175,183,15
-2,1,0,-2.0,1.0,0.5753977298736572,60.683085036070864,65,-66,15,531,723,1175,183,15
-2,1,0,-2.0,1.0,0.5832767486572266,58.513357416636794,65,-64,14,531,723,1175,183,15
-2,0,0,-2.0,-0.0,0.5913927555084229,56.56099432828282,65,-62,14,531,723,1175,183,15
-2,0,0,-2.0,-0.0,0.5993056297302246,54.61168720299745,65,-60,14,531,723,1175,183,15
-2,0,0,-2.0,-0.0,0.607367753982544,52.665735560705194,65,-58,14,531,723,1175,183,15
-3,0,0,-3.0,-0.0,0.6154327392578125,49.753854494650845,65,-55,14,531,723,1175,183,15
-2,0,0,-2.0,-0.0,0.6233646869659424,47.817880294662984,65,-53,14,531,723,1175,183,15
-3,0,0,-3.0,-0.0,0.6313936710357666,44.92301994298868,65,-50,14,531,723,1175,183,15
-1,0,0,-1.0,-0.0,0.6393105983734131,43.96076922496363,65,-49,14,531,723,1175,183,15
-3,0,0,-3.0,-0.0,0.6476285457611084,41.08326112068523,65,-46,14,531,723,1175,183,15
-2,0,0,-2.0,-0.0,0.6554815769195557,39.17358552246078,65,-44,14,531,723,1175,183,15
-2,0,0,-2.0,-0.0,0.6634335517883301,37.27188724235731,65,-42,14,531,723,1175,183,15
-1,0,0,-1.0,-0.0,0.6713275909423828,36.32435804486894,65,-41,14,531,723,1175,183,15
-2,1,0,-2.0,1.0,0.6793396472930908,34.10960958218893,65,-39,13,531,723,1175,183,15
-2,1,0,-2.0,1.0,0.6873416900634766,31.897300677553446,65,-37,12,531,723,1175,183,15
-2,1,0,-2.0,1.0,0.6955366134643555,29.68787265568828,65,-35,11,531,723,1175,183,15
-2,0,0,-2.0,-0.0,0.7033915519714355,27.785054261852174,65,-33,11,531,723,1175,183,15
-2,1,0,-2.0,1.0,0.7114777565002441,25.57299494980466,65,-31,10,531,723,1175,183,15
-1,1,0,-1.0,1.0,0.7194006443023682,24.32091952673165,65,-30,9,531,723,1175,183,15
-2,1,0,-2.0,1.0,0.7275896072387695,22.120439557122072,65,-28,8,531,723,1175,183,15
-2,0,0,-2.0,-0.0,0.735297679901123,20.202941017470888,65,-26,8,531,723,1175,183,15
-1,1,0,-1.0,1.0,0.7432656288146973,18.96150997149434,65,-25,7,531,723,1175,183,15
-2,1,0,-2.0,1.0,0.7514636516571045,16.769728648009426,65,-23,6,531,723,1175,183,15
-1,0,0,-1.0,-0.0,0.759326696395874,15.803508501982758,65,-22,6,531,723,1175,183,15
-2,0,0,-2.0,-0.0,0.767406702041626,13.880613017821101,65,-20,6,531,723,1175,183,15
-1,1,0,-1.0,1.0,0.7753965854644775,12.6468827043885,65,-19,5,531,723,1175,183,15
-1,0,0,-1.0,-0.0,0.783416748046875,11.681541692269406,65,-18,5,531,723,1175,183,15
-2,1,0,-2.0,1.0,0.7913985252380371,9.492422502470642,65,-16,4,531,723,1175,183,15
-2,1,0,-2.0,1.0,0.7994065284729004,7.317821063276353,65,-14,3,531,723,1175,183,15
-3,1,0,-3.0,1.0,0.807349681854248,4.180339887498949,65,-11,2,531,723,1175,183,15
-3,1,0,-3.0,1.0,0.815375566482544,1.0622577482985491,65,-8,1,531,723,1175,183,15
-3,2,0,-3.0,2.0,0.8234336376190186,-1.9009804864072155,65,-5,-1,531,723,1175,183,15
-2,0,0,-2.0,-0.0,0.8314967155456543,-3.8377223398316205,65,-3,-1,531,723,1175,183,15
-1,1,0,-1.0,1.0,0.8394737243652344,-4.17157287525381,65,-2,-2,531,723,1175,183,15
-2,0,0,-2.0,-0.0,0.8474006652832031,-5.0,65,0,-2,531,723,1175,183,15
0,1,0,-0.0,1.0,0.85540771484375,-4.0,65,0,-3,531,723,1175,183,15
0,0,1,-0.0,-0.0,0.8843417167663574,-4.0,65,0,-3,531,723,1175,183,15
0,0,0,-0.0,-0.0,0.09775233268737793,172.61540136692497,66,163,68,694,794,531,726,8
1,0,0,1.0,-0.0,0.13965845108032227,171.69291391516052,66,162,68,694,794,531,726,8
4,-1,0,4.0,-1.0,0.14768528938293457,168.40939649566667,66,158,69,694,794,531,726,8
5,-1,0,5.0,-1.0,0.15561938285827637,164.25278600962304,66,153,70,694,794,531,726,8
4,-2,0,4.0,-2.0,0.16373538970947266,161.4841382127,66,149,72,694,794,531,726,8
3,-1,0,3.0,-1.0,0.17183446884155273,159.23296235748464,66,146,73,694,794,531,726,8
3,-2,0,3.0,-2.0,0.17979049682617188,157.47445618425226,66,143,75,694,794,531,726,8
3,-1,0,3.0,-1.0,0.18774938583374023,155.29846201391902,66,140,76,694,794,531,726,8
3,0,0,3.0,-0.0,0.1957073211669922,152.66843970627906,66,137,76,694,794,531,726,8
2,-1,0,2.0,-1.0,0.2036752700805664,151.4155719353759,66,135,77,694,794,531,726,8
1,0,0,1.0,-0.0,0.21157431602478027,150.5477272560163,66,134,77,694,794,531,726,8
2,0,0,2.0,-0.0,0.21961236000061035,148.81688388394784,66,132,77,694,794,531,726,8
2,0,0,2.0,-0.0,0.2277524471282959,147.09268678529745,66,130,77,694,794,531,726,8
3,0,0,3.0,-0.0,0.23574328422546387,144.51935900750448,66,127,77,694,794,531,726,8
3,2,0,3.0,2.0,0.24379539489746094,140.91721774861674,66,124,75,694,794,531,726,8
4,3,0,4.0,3.0,0.2517833709716797,135.9428454762872,66,120,72,694,794,531,726,8
5,4,0,5.0,4.0,0.2597672939300537,129.60014970051492,66,115,68,694,794,531,726,8
4,4,0,4.0,4.0,0.26767849922180176,124.1288414058287,66,111,64,694,794,531,726,8
3,3,0,3.0,3.0,0.2756073474884033,120.03628501370073,66,108,61,694,794,531,726,8
3,3,0,3.0,3.0,0.2836763858795166,115.95415791042844,66,105,58,694,794,531,726,8
3,2,0,3.0,2.0,0.29174327850341797,112.36150566231085,66,102,56,694,794,531,726,8
2,4,0,2.0,4.0,0.29968833923339844,108.71202242884297,66,100,52,694,794,531,726,8
3,3,0,3.0,3.0,0.3076803684234619,104.67382389517726,66,97,49,694,794,531,726,8
3,2,0,3.0,2.0,0.3157193660736084,101.09519494249011,66,94,47,694,794,531,726,8
3,3,0,3.0,3.0,0.32382941246032715,97.07917688624102,66,91,44,694,794,531,726,8
2,2,0,2.0,2.0,0.3320603370666504,94.41239759298622,66,89,42,694,794,531,726,8
2,2,0,2.0,2.0,0.33963441848754883,91.75489543621255,66,87,40,694,794,531,726,8
2,2,0,2.0,2.0,0.34757447242736816,89.1074647920348,66,85,38,694,794,531,726,8
3,2,0,3.0,2.0,0.3556663990020752,85.55445270895244,66,82,36,694,794,531,726,8
2,2,0,2.0,2.0,0.3636174201965332,82.92525524840292,66,80,34,694,794,531,726,8
2,2,0,2.0,2.0,0.3717384338378906,80.30895563343196,66,78,32,694,794,531,726,8
3,2,0,3.0,2.0,0.3797752857208252,76.77747210701756,66,75,30,694,794,531,726,8
3,1,0,3.0,1.0,0.3877754211425781,73.62087348130012,66,72,29,694,794,531,726,8
2,2,0,2.0,2.0,0.3957393169403076,71.02666192761077,66,70,27,694,794,531,726,8
3,1,0,3.0,1.0,0.40401434898376465,67.8679344353238,66,67,26,694,794,531,726,8
3,1,0,3.0,1.0,0.411785364151001,64.70953354520753,66,64,25,694,794,531,726,8
3,1,0,3.0,1.0,0.41977739334106445,61.55150646628954,66,61,24,694,794,531,726,8
3,1,0,3.0,1.0,0.42771244049072266,58.39390995922599,66,58,23,694,794,531,726,8
7,3,0,7.0,3.0,0.4356722831726074,50.78138369920935,66,51,20,694,794,531,726,8
8,3,0,8.0,3.0,0.4436793327331543,42.238512086787566,66,43,17,694,794,531,726,8
6,4,0,6.0,4.0,0.45171141624450684,35.21734310225516,66,37,13,694,794,531,726,8
4,2,0,4.0,2.0,0.45970940589904785,30.785054261852174,66,33,11,694,794,531,726,8
4,3,0,4.0,3.0,0.4677424430847168,26.083217912982647,66,29,8,694,794,531,726,8
4,2,0,4.0,2.0,0.4757704734802246,21.709920264364882,66,25,6,694,794,531,726,8
3,1,0,3.0,1.0,0.483715295791626,18.561028345356956,66,22,5,694,794,531,726,8
2,1,0,2.0,1.0,0.49173736572265625,16.396078054371138,66,20,4,694,794,531,726,8
1,1,0,1.0,1.0,0.49963831901550293,15.235384061671343,66,19,3,694,794,531,726,8
1,0,0,1.0,-0.0,0.5076823234558105,14.248287590894659,66,18,3,694,794,531,726,8
0,1,0,-0.0,1.0,0.5637373924255371,14.110770276274835,66,18,2,694,794,531,726,8
0,1,0,-0.0,1.0,0.6117873191833496,14.027756377319946,66,18,1,694,794,531,726,8
1,0,0,1.0,-0.0,0.6196513175964355,13.029386365926403,66,17,1,694,794,531,726,8
0,1,0,-0.0,1.0,0.627819299697876,13.0,66,17,0,694,794,531,726,8
1,1,0,1.0,1.0,0.6356983184814453,12.031219541881399,66,16,-1,694,794,531,726,8
1,0,0,1.0,-0.0,0.6436843872070312,11.033296378372908,66,15,-1,694,794,531,726,8
1,1,0,1.0,1.0,0.6517233848571777,10.142135623730951,66,14,-2,694,794,531,726,8
1,0,0,1.0,-0.0,0.6596863269805908,9.152946437965905,66,13,-2,694,794,531,726,8
0,1,0,-0.0,1.0,0.6677324771881104,9.341664064126334,66,13,-3,694,794,531,726,8
1,0,0,1.0,-0.0,0.6757104396820068,8.36931687685298,66,12,-3,694,794,531,726,8
1,0,0,1.0,-0.0,0.6997244358062744,7.401754250991379,66,11,-3,694,794,531,726,8
1,0,0,1.0,-0.0,0.7078673839569092,6.440306508910551,66,10,-3,694,794,531,726,8
1,0,0,1.0,-0.0,0.7156734466552734,5.486832980505138,66,9,-3,694,794,531,726,8
1,0,0,1.0,-0.0,0.7236883640289307,4.54400374531753,66,8,-3,694,794,531,726,8
1,0,0,1.0,-0.0,0.7315874099731445,3.6157731058639087,66,7,-3,694,794,531,726,8
0,0,1,-0.0,-0.0,0.8106844425201416,3.6157731058639087,66,7,-3,694,794,531,726,8
0,0,0,-0.0,-0.0,0.09617877006530762,241.07286374670934,67,153,-194,840,603,687,797,12
2,-1,0,2.0,-1.0,0.18405771255493164,239.05101509685693,67,151,-193,840,603,687,797,12
2,0,0,2.0,-0.0,0.19211387634277344,237.82370680473218,67,149,-193,840,603,687,797,12
2,-1,0,2.0,-1.0,0.2002408504486084,235.81191037663964,67,147,-192,840,603,687,797,12
3,0,0,3.0,-0.0,0.20823884010314941,234.0,67,144,-192,840,603,687,797,12
2,-1,0,2.0,-1.0,0.2161867618560791,232.0021008310641,67,142,-191,840,603,687,797,12
3,-2,0,3.0,-2.0,0.22417688369750977,228.61031520374377,67,139,-189,840,603,687,797,12
4,-2,0,4.0,-2.0,0.23229074478149414,224.63824487712353,67,135,-187,840,603,687,797,12
3,-2,0,3.0,-2.0,0.2400357723236084,221.26416347501865,67,132,-185,840,603,687,797,12
4,-3,0,4.0,-3.0,0.2481977939605713,216.50393254951697,67,128,-182,840,603,687,797,12
4,-4,0,4.0,-4.0,0.2560727596282959,210.9331694324314,67,124,-178,840,603,687,797,12
5,-5,0,5.0,-5.0,0.2641308307647705,203.97618912629116,67,119,-173,840,603,687,797,12
7,-5,0,7.0,-5.0,0.2721438407897949,195.9108714259834,67,112,-168,840,603,687,797,12
6,-6,0,6.0,-6.0,0.2801377773284912,187.59752064528098,67,106,-162,840,603,687,797,12
7,-6,0,7.0,-6.0,0.28815293312072754,178.76200908195386,67,99,-156,840,603,687,797,12
7,-6,0,7.0,-6.0,0.296245813369751,169.96590578859303,67,92,-150,840,603,687,797,12
6,-8,0,6.0,-8.0,0.3041727542877197,160.01204775557707,67,86,-142,840,603,687,797,12
9,-10,0,9.0,-10.0,0.312119722366333,146.81688388394784,67,77,-132,840,603,687,797,12
8,-11,0,8.0,-11.0,0.3202497959136963,133.29106216839614,67,69,-121,840,603,687,797,12
8,-11,0,8.0,-11.0,0.3281428813934326,119.78155667664477,67,61,-110,840,603,687,797,12
10,-10,0,10.0,-10.0,0.33602380752563477,106.25417586887359,67,51,-100,840,603,687,797,12
9,-10,0,9.0,-10.0,0.34417080879211426,93.31767214348109,67,42,-90,840,603,687,797,12
9,-10,0,9.0,-10.0,0.35208988189697266,80.53900854527974,67,33,-80,840,603,687,797,12
7,-8,0,7.0,-8.0,0.36022090911865234,70.55063683601855,67,26,-72,840,603,687,797,12
6,-9,0,6.0,-9.0,0.3680388927459717,60.09841147864296,67,20,-63,840,603,687,797,12
6,-8,0,6.0,-8.0,0.37612175941467285,50.753854494650845,67,14,-55,840,603,687,797,12
5,-11,0,5.0,-11.0,0.38421177864074707,38.91102314577124,67,9,-44,840,603,687,797,12
4,-9,0,4.0,-9.0,0.39217376708984375,29.355339059327378,67,5,-35,840,603,687,797,12
4,-7,0,4.0,-7.0,0.400256872177124,22.0178514522438,67,1,-28,840,603,687,797,12
2,-5,0,2.0,-5.0,0.4081747531890869,17.021728866442675,67,-1,-23,840,603,687,797,12
3,-4,0,3.0,-4.0,0.4160957336425781,13.4164878389476,67,-4,-19,840,603,687,797,12
2,-4,0,2.0,-4.0,0.4240429401397705,10.15549442140351,67,-6,-15,840,603,687,797,12
2,-3,0,2.0,-3.0,0.43219685554504395,8.422205101855956,67,-8,-12,840,603,687,797,12
3,-4,0,3.0,-4.0,0.44015979766845703,7.601470508735444,67,-11,-8,840,603,687,797,12
2,-4,0,2.0,-4.0,0.44818878173828125,7.601470508735444,67,-13,-4,840,603,687,797,12
3,-3,0,3.0,-3.0,0.45613694190979004,10.031219541881399,67,-16,-1,840,603,687,797,12
1,-1,0,1.0,-1.0,0.46411871910095215,11.0,67,-17,0,840,603,687,797,12
1,-1,0,1.0,-1.0,0.4720287322998047,12.027756377319946,67,-18,1,840,603,687,797,12
0,-1,0,-0.0,-1.0,0.48007774353027344,12.110770276274835,67,-18,2,840,603,687,797,12
1,0,0,1.0,-0.0,0.4882197380065918,13.104973174542799,67,-19,2,840,603,687,797,12
0,-1,0,-0.0,-1.0,0.49619078636169434,13.235384061671343,67,-19,3,840,603,687,797,12
-3,-1,0,-3.0,-1.0,0.5761678218841553,10.492422502470642,67,-16,4,840,603,687,797,12
-2,0,0,-2.0,-0.0,0.5842208862304688,8.560219778561036,67,-14,4,840,603,687,797,12
-1,0,0,-1.0,-0.0,0.6001849174499512,7.601470508735444,67,-13,4,840,603,687,797,12
0,-1,0,-0.0,-1.0,0.6080658435821533,7.928388277184119,67,-13,5,840,603,687,797,12
-1,0,0,-1.0,-0.0,0.6160507202148438,7.0,67,-12,5,840,603,687,797,12
-1,0,0,-1.0,-0.0,0.6482417583465576,6.083045973594572,67,-11,5,840,603,687,797,12
-1,0,0,-1.0,-0.0,0.6561827659606934,5.180339887498949,67,-10,5,840,603,687,797,12
-1,0,0,-1.0,-0.0,0.6642508506774902,4.295630140987001,67,-9,5,840,603,687,797,12
-1,0,0,-1.0,-0.0,0.6720478534698486,3.433981132056603,67,-8,5,840,603,687,797,12
-1,0,0,-1.0,-0.0,0.6801388263702393,2.6023252670426267,67,-7,5,840,603,687,797,12
-1,0,0,-1.0,-0.0,0.6880519390106201,1.810249675906654,67,-6,5,840,603,687,797,12
-1,1,0,-1.0,1.0,0.6960809230804443,0.40312423743284853,67,-5,4,840,603,687,797,12
-1,0,0,-1.0,-0.0,0.7043867111206055,-0.3431457505076194,67,-4,4,840,603,687,797,12
0,1,0,-0.0,1.0,0.7121849060058594,-1.0,67,-4,3,840,603,687,797,12
-1,0,0,-1.0,-0.0,0.7202799320220947,-1.7573593128807152,67,-3,3,840,603,687,797,12
-1,0,0,-1.0,-0.0,0.7281608581542969,-2.394448724536011,67,-2,3,840,603,687,797,12
0,1,0,-0.0,1.0,0.736365795135498,-3.1715728752538097,67,-2,2,840,603,687,797,12
-1,0,0,-1.0,-0.0,0.7520549297332764,-3.76393202250021,67,-1,2,840,603,687,797,12
0,0,1,-0.0,-0.0,0.8163537979125977,-3.76393202250021,67,-1,2,840,603,687,797,12
0,0,0,-0.0,-0.0,0.06425976753234863,356.11065034200243,68,328,-182,1169,419,841,601,38
1,0,0,1.0,-0.0,0.21222662925720215,355.236556204762,68,327,-182,1169,419,841,601,38
3,-2,0,3.0,-2.0,0.22026872634887695,351.64268507553203,68,324,-180,1169,419,841,601,38
6,-3,0,6.0,-3.0,0.22829580307006836,344.94092927286977,68,318,-177,1169,419,841,601,38
5,-3,0,5.0,-3.0,0.23637771606445312,339.11311062288684,68,313,-174,1169,419,841,601,38
8,-4,0,8.0,-4.0,0.244337797164917,330.17760523836574,68,305,-170,1169,419,841,601,38
10,-6,0,10.0,-6.0,0.2523226737976074,318.52185114448514,68,295,-164,1169,419,841,601,38
15,-7,0,15.0,-7.0,0.26030969619750977,302.01246081733336,68,280,-157,1169,419,841,601,38
16,-8,0,16.0,-8.0,0.26831984519958496,284.14517974066484,68,264,-149,1169,419,841,601,38
20,-10,0,20.0,-10.0,0.2764437198638916,261.81488564533043,68,244,-139,1169,419,841,601,38
26,-13,0,26.0,-13.0,0.2843027114868164,232.79356624028344,68,218,-126,1169,419,841,601,38
28,-15,0,28.0,-15.0,0.29234766960144043,201.04772209682153,68,190,-111,1169,419,841,601,38
29,-15,0,29.0,-15.0,0.30028581619262695,168.44865963777923,68,161,-96,1169,419,841,601,38
29,-14,0,29.0,-14.0,0.308255672454834,136.3962676514465,68,132,-82,1169,419,841,601,38
25,-12,0,25.0,-12.0,0.31645679473876953,108.8632081562167,68,107,-70,1169,419,841,601,38
21,-11,0,21.0,-11.0,0.32439374923706055,85.29285689825551,68,86,-59,1169,419,841,601,38
18,-10,0,18.0,-10.0,0.3323097229003906,64.81527307120105,68,68,-49,1169,419,841,601,38
16,-10,0,16.0,-10.0,0.3403346538543701,46.0,68,52,-39,1169,419,841,601,38
13,-10,0,13.0,-10.0,0.34818267822265625,29.60041152089147,68,39,-29,1169,419,841,601,38
8,-9,0,8.0,-9.0,0.356367826461792,17.89173349139343,68,31,-20,1169,419,841,601,38
5,-5,0,5.0,-5.0,0.3642127513885498,11.016662039607269,68,26,-15,1169,419,841,601,38
2,-4,0,2.0,-4.0,0.3723137378692627,7.4007575648881705,68,24,-11,1169,419,841,601,38
1,-2,0,1.0,-2.0,0.3803126811981201,5.698178070456937,68,23,-9,1169,419,841,601,38
1,-2,0,1.0,-2.0,0.3883328437805176,4.086792761230392,68,22,-7,1169,419,841,601,38
0,-3,0,-0.0,-3.0,0.396331787109375,3.360679774997898,68,22,-4,1169,419,841,601,38
0,-2,0,-0.0,-2.0,0.4043307304382324,3.0907220343745223,68,22,-2,1169,419,841,601,38
0,-2,0,-0.0,-2.0,0.41238880157470703,3.0,68,22,0,1169,419,841,601,38
0,-2,0,-0.0,-2.0,0.42041683197021484,3.0907220343745223,68,22,2,1169,419,841,601,38
0,-1,0,-0.0,-1.0,0.4284026622772217,3.2036033111745184,68,22,3,1169,419,841,601,38
0,-1,0,-0.0,-1.0,0.44421863555908203,3.360679774997898,68,22,4,1169,419,841,601,38
0,0,1,-0.0,-0.0,0.5562787055969238,3.360679774997898,68,22,4,1169,419,841,601,38
0,0,0,-0.0,-0.0,0.10309243202209473,728.4114978031386,69,-498,572,649,987,1147,415,60
-4,1,0,-4.0,1.0,0.15811944007873535,725.0344363007557,69,-494,571,649,987,1147,415,60
-7,2,0,-7.0,2.0,0.16614747047424316,718.9526019715801,69,-487,569,649,987,1147,415,60
-9,4,0,-9.0,4.0,0.1741466522216797,710.073644984065,69,-478,565,649,987,1147,415,60
-10,4,0,-10.0,4.0,0.1821885108947754,700.5785378725548,69,-468,561,649,987,1147,415,60
-10,6,0,-10.0,6.0,0.19022059440612793,689.575569346264,69,-458,555,649,987,1147,415,60
-16,8,0,-16.0,8.0,0.19831061363220215,673.2588428167825,69,-442,547,649,987,1147,415,60
-20,13,0,-20.0,13.0,0.20636844635009766,650.6173668075184,69,-422,534,649,987,1147,415,60
-25,15,0,-25.0,15.0,0.21448445320129395,623.4294147036848,69,-397,519,649,987,1147,415,60
-26,18,0,-26.0,18.0,0.2222604751586914,593.4115815414405,69,-371,501,649,987,1147,415,60
-26,21,0,-26.0,21.0,0.23015046119689941,561.121814857141,69,-345,480,649,987,1147,415,60
-28,22,0,-28.0,22.0,0.23813247680664062,527.0035906526995,69,-317,458,649,987,1147,415,60
-26,23,0,-26.0,23.0,0.2462625503540039,493.3602965453149,69,-291,435,649,987,1147,415,60
-25,21,0,-25.0,21.0,0.25427746772766113,462.0894227678543,69,-266,414,649,987,1147,415,60
-21,19,0,-21.0,19.0,0.2621805667877197,434.81178986768396,69,-245,395,649,987,1147,415,60
-18,18,0,-18.0,18.0,0.2703745365142822,410.06590415527535,69,-227,377,649,987,1147,415,60
-14,16,0,-14.0,16.0,0.27828359603881836,389.15390967996467,69,-213,361,649,987,1147,415,60
-11,13,0,-11.0,13.0,0.2862515449523926,372.3779318004406,69,-202,348,649,987,1147,415,60
-10,12,0,-10.0,12.0,0.29422450065612793,356.98837191833036,69,-192,336,649,987,1147,415,60
-10,14,0,-10.0,14.0,0.302384614944458,339.87565478144137,69,-182,322,649,987,1147,415,60
-10,15,0,-10.0,15.0,0.31041860580444336,321.89913327543167,69,-172,307,649,987,1147,415,60
-9,18,0,-9.0,18.0,0.31824159622192383,301.79813139919884,69,-163,289,649,987,1147,415,60
-10,19,0,-10.0,19.0,0.3261704444885254,280.3369136922,69,-153,270,649,987,1147,415,60
-10,20,0,-10.0,20.0,0.3342266082763672,258.00868042473996,69,-143,250,649,987,1147,415,60
-12,19,0,-12.0,19.0,0.3421745300292969,235.55978611228016,69,-131,231,649,987,1147,415,60
-12,16,0,-12.0,16.0,0.3502166271209717,215.7356303021603,69,-119,215,649,987,1147,415,60
-11,15,0,-11.0,15.0,0.3582875728607178,197.29716232280595,69,-108,200,649,987,1147,415,60
-13,15,0,-13.0,15.0,0.3665335178375244,177.9663434308542,69,-95,185,649,987,1147,415,60
-12,12,0,-12.0,12.0,0.3741946220397949,161.88017094009479,69,-83,173,649,987,1147,415,60
-11,12,0,-11.0,12.0,0.3822455406188965,146.36609651517495,69,-72,161,649,987,1147,415,60
-11,11,0,-11.0,11.0,0.3901984691619873,131.92899678562824,69,-61,150,649,987,1147,415,60
-10,10,0,-10.0,10.0,0.3982515335083008,119.0,69,-51,140,649,987,1147,415,60
-9,8,0,-9.0,8.0,0.4061105251312256,108.52075656738234,69,-42,132,649,987,1147,415,60
-8,8,0,-8.0,8.0,0.4142615795135498,98.57682528356344,69,-34,124,649,987,1147,415,60
-6,7,0,-6.0,7.0,0.422229528427124,90.30378215168466,69,-28,117,649,987,1147,415,60
-5,6,0,-5.0,6.0,0.4302394390106201,83.35784048754634,69,-23,111,649,987,1147,415,60
-3,5,0,-3.0,5.0,0.43816542625427246,77.8702924812944,69,-20,106,649,987,1147,415,60
-4,3,0,-4.0,3.0,0.4461205005645752,74.23531071570709,69,-16,103,649,987,1147,415,60
-3,4,0,-3.0,4.0,0.4543166160583496,69.84988733093293,69,-13,99,649,987,1147,415,60
-3,3,0,-3.0,3.0,0.4621546268463135,66.51942809610924,69,-10,96,649,987,1147,415,60
-4,2,0,-4.0,2.0,0.4701676368713379,64.19129471453293,69,-6,94,649,987,1147,415,60
-3,2,0,-3.0,2.0,0.4781625270843506,62.04890004774636,69,-3,92,649,987,1147,415,60
-2,3,0,-2.0,3.0,0.4862844944000244,59.00561780022652,69,-1,89,649,987,1147,415,60
-2,1,0,-2.0,1.0,0.49423742294311523,58.0056816347672,69,1,88,649,987,1147,415,60
-2,2,0,-2.0,2.0,0.5022644996643066,56.05230967266364,69,3,86,649,987,1147,415,60
-1,3,0,-1.0,3.0,0.5102455615997314,53.09632964216891,69,4,83,649,987,1147,415,60
-2,3,0,-2.0,3.0,0.5183506011962891,50.22468448052632,69,6,80,649,987,1147,415,60
-2,3,0,-2.0,3.0,0.5261325836181641,47.41446893184762,69,8,77,649,987,1147,415,60
-1,2,0,-1.0,2.0,0.5341465473175049,45.53806987208503,69,9,75,649,987,1147,415,60
0,1,0,-0.0,1.0,0.542156457901001,44.545288248151536,69,9,74,649,987,1147,415,60
-1,0,0,-1.0,-0.0,0.5501265525817871,44.672618810377884,69,10,74,649,987,1147,415,60
0,0,1,-0.0,-0.0,0.5791244506835938,44.672618810377884,69,10,74,649,987,1147,415,60
0,0,0,-0.0,-0.0,0.6661505699157715,44.672618810377884,69,10,74,649,987,1147,415,60
0,2,0,-0.0,2.0,0.7022116184234619,42.69112738154499,69,10,72,649,987,1147,415,60
0,3,0,-0.0,3.0,0.710242509841919,39.72087205421343,69,10,69,649,987,1147,415,60
-1,4,0,-1.0,4.0,0.7182915210723877,35.924198895398035,69,11,65,649,987,1147,415,60
0,2,0,-0.0,2.0,0.7261924743652344,33.953107821277925,69,11,63,649,987,1147,415,60
-1,2,0,-1.0,2.0,0.7343235015869141,32.16912416947821,69,12,61,649,987,1147,415,60
0,1,0,-0.0,1.0,0.7422025203704834,31.18823416311342,69,12,60,649,987,1147,415,60
0,2,0,-0.0,2.0,0.7502174377441406,29.22837157984339,69,12,58,649,987,1147,415,60
0,3,0,-0.0,3.0,0.7581386566162109,26.293871780150276,69,12,55,649,987,1147,415,60
-1,2,0,-1.0,2.0,0.7661786079406738,24.571054598569013,69,13,53,649,987,1147,415,60
-1,3,0,-1.0,3.0,0.7743384838104248,21.92301994298868,69,14,50,649,987,1147,415,60
0,3,0,-0.0,3.0,0.7822556495666504,19.040799340956916,69,14,47,649,987,1147,415,60
-1,3,0,-1.0,3.0,0.790278434753418,16.486557196677836,69,15,44,649,987,1147,415,60
-1,4,0,-1.0,4.0,0.7982525825500488,13.08131845707603,69,16,40,649,987,1147,415,60
0,0,1,-0.0,-0.0,0.8021395206451416,13.08131845707603,69,16,40,649,987,1147,415,60
0,3,1,-0.0,3.0,0.8064284324645996,997.854561696352,70,1007,-206,1640,744,633,947,60
0,2,1,-0.0,2.0,0.004991292953491211,998.2572635289284,70,1007,-208,1640,744,633,947,60
0,1,1,-0.0,1.0,0.013025283813476562,998.4600138070512,70,1007,-209,1640,744,633,947,60
0,1,1,-0.0,1.0,0.021000385284423828,998.663696258403,70,1007,-210,1640,744,633,947,60
0,0,0,-0.0,-0.0,0.08714032173156738,998.663696258403,70,1007,-210,1640,744,633,947,60
1,-2,0,1.0,-2.0,0.18908047676086426,997.277956543408,70,1006,-208,1640,744,633,947,60
4,-4,0,4.0,-4.0,0.19692444801330566,992.5556219590209,70,1002,-204,1640,744,633,947,60
5,-4,0,5.0,-4.0,0.20495033264160156,986.8623308983375,70,997,-200,1640,744,633,947,60
8,-5,0,8.0,-5.0,0.21320629119873047,978.0406737825613,70,989,-195,1640,744,633,947,60
8,-7,0,8.0,-7.0,0.22098231315612793,968.8518408653007,70,981,-188,1640,744,633,947,60
11,-9,0,11.0,-9.0,0.22899842262268066,956.3777166988314,70,970,-179,1640,744,633,947,60
15,-10,0,15.0,-10.0,0.23702740669250488,939.838130823902,70,955,-169,1640,744,633,947,60
24,-14,0,24.0,-14.0,0.2451174259185791,913.814600438031,70,931,-155,1640,744,633,947,60
30,-15,0,30.0,-15.0,0.25301146507263184,881.8119323632478,70,901,-140,1640,744,633,947,60
35,-13,0,35.0,-13.0,0.26106834411621094,845.2628176724977,70,866,-127,1640,744,633,947,60
39,-10,0,39.0,-10.0,0.2690563201904297,805.235296189044,70,827,-117,1640,744,633,947,60
42,-7,0,42.0,-7.0,0.2770264148712158,762.6695402246764,70,785,-110,1640,744,633,947,60
42,-5,0,42.0,-5.0,0.28509950637817383,720.3825690939256,70,743,-105,1640,744,633,947,60
42,-5,0,42.0,-5.0,0.29293036460876465,678.0967448025729,70,701,-100,1640,744,633,947,60
46,-6,0,46.0,-6.0,0.30088233947753906,631.7106618454927,70,655,-94,1640,744,633,947,60
48,-5,0,48.0,-5.0,0.3089632987976074,583.4900162186831,70,607,-89,1640,744,633,947,60
47,-7,0,47.0,-7.0,0.31705331802368164,535.9717307427995,70,560,-82,1640,744,633,947,60
42,-7,0,42.0,-7.0,0.3249692916870117,493.4013756191323,70,518,-75,1640,744,633,947,60
39,-4,0,39.0,-4.0,0.33298730850219727,454.23341479084235,70,479,-71,1640,744,633,947,60
34,-4,0,34.0,-4.0,0.34114527702331543,420.0155552867034,70,445,-67,1640,744,633,947,60
29,-4,0,29.0,-4.0,0.34892940521240234,390.7433897282285,70,416,-63,1640,744,633,947,60
24,-5,0,24.0,-5.0,0.3570284843444824,366.2675863605299,70,392,-58,1640,744,633,947,60
19,-6,0,19.0,-6.0,0.36487746238708496,346.6072224480035,70,373,-52,1640,744,633,947,60
17,-6,0,17.0,-6.0,0.37285327911376953,328.9596077555245,70,356,-46,1640,744,633,947,60
13,-5,0,13.0,-5.0,0.38105344772338867,315.44174617437307,70,343,-41,1640,744,633,947,60
10,-5,0,10.0,-5.0,0.38892149925231934,304.94029318671113,70,333,-36,1640,744,633,947,60
9,-4,0,9.0,-4.0,0.39703941345214844,295.5764119219941,70,324,-32,1640,744,633,947,60
10,-3,0,10.0,-3.0,0.4050114154815674,285.3363283860583,70,314,-29,1640,744,633,947,60
10,-3,0,10.0,-3.0,0.4129664897918701,275.1098162957069,70,304,-26,1640,744,633,947,60
8,-3,0,8.0,-3.0,0.4209632873535156,266.89223634174067,70,296,-23,1640,744,633,947,60
7,-3,0,7.0,-3.0,0.42903733253479004,259.691214916849,70,289,-20,1640,744,633,947,60
7,-3,0,7.0,-3.0,0.43688035011291504,252.51194665004874,70,282,-17,1640,744,633,947,60
8,-3,0,8.0,-3.0,0.44512128829956055,244.35743110038044,70,274,-14,1640,744,633,947,60
10,-3,0,10.0,-3.0,0.4529705047607422,234.22906728821488,70,264,-11,1640,744,633,947,60
10,-2,0,10.0,-2.0,0.46099328994750977,224.159398803192,70,254,-9,1640,744,633,947,60
11,-3,0,11.0,-3.0,0.4690582752227783,213.0740627874558,70,243,-6,1640,744,633,947,60
10,-1,0,10.0,-1.0,0.47699737548828125,203.05364189387817,70,233,-5,1640,744,633,947,60
8,-1,0,8.0,-1.0,0.4850003719329834,195.03555274667156,70,225,-4,1640,744,633,947,60
7,-1,0,7.0,-1.0,0.4929924011230469,188.02064122463267,70,218,-3,1640,744,633,947,60
9,-1,0,9.0,-1.0,0.5009214878082275,179.0095691589263,70,209,-2,1640,744,633,947,60
12,-1,0,12.0,-1.0,0.5090034008026123,167.00253805471644,70,197,-1,1640,744,633,947,60
12,0,0,12.0,-0.0,0.5170013904571533,155.00270268296083,70,185,-1,1640,744,633,947,60
11,-1,0,11.0,-1.0,0.5248944759368896,144.0,70,174,0,1640,744,633,947,60
10,-1,0,10.0,-1.0,0.5330274105072021,134.00304875214974,70,164,1,1640,744,633,947,60
7,0,0,7.0,-0.0,0.5411434173583984,127.00318468107582,70,157,1,1640,744,633,947,60
7,0,0,7.0,-0.0,0.5489823818206787,120.00333329629711,70,150,1,1640,744,633,947,60
5,0,0,5.0,-0.0,0.5569853782653809,115.00344823486094,70,145,1,1640,744,633,947,60
3,0,0,3.0,-0.0,0.5649914741516113,112.00352108310554,70,142,1,1640,744,633,947,60
3,0,0,3.0,-0.0,0.5728814601898193,109.00359707575916,70,139,1,1640,744,633,947,60
4,0,0,4.0,-0.0,0.5808634757995605,105.00370365289984,70,135,1,1640,744,633,947,60
5,0,0,5.0,-0.0,0.588984489440918,100.00384609695206,70,130,1,1640,744,633,947,60
4,0,0,4.0,-0.0,0.5970394611358643,96.00396819148197,70,126,1,1640,744,633,947,60
4,0,0,4.0,-0.0,0.6050224304199219,92.00409829181969,70,122,1,1640,744,633,947,60
4,1,0,4.0,1.0,0.6130704879760742,88.0,70,118,0,1640,744,633,947,60
4,0,0,4.0,-0.0,0.6210014820098877,84.0,70,114,0,1640,744,633,947,60
3,0,0,3.0,-0.0,0.6290004253387451,81.0,70,111,0,1640,744,633,947,60
2,0,0,2.0,-0.0,0.6370744705200195,79.0,70,109,0,1640,744,633,947,60
2,0,0,2.0,-0.0,0.6450703144073486,77.0,70,107,0,1640,744,633,947,60
1,0,0,1.0,-0.0,0.6689174175262451,76.0,70,106,0,1640,744,633,947,60
2,0,0,2.0,-0.0,0.6769974231719971,74.0,70,104,0,1640,744,633,947,60
2,0,0,2.0,-0.0,0.6850893497467041,72.0,70,102,0,1640,744,633,947,60
2,0,0,2.0,-0.0,0.6929023265838623,70.0,70,100,0,1640,744,633,947,60
4,-1,0,4.0,-1.0,0.7010164260864258,66.00520819205592,70,96,1,1640,744,633,947,60
5,-1,0,5.0,-1.0,0.7089793682098389,61.02197536858887,70,91,2,1640,744,633,947,60
6,0,0,6.0,-0.0,0.7170674800872803,55.0235261559999,70,85,2,1640,744,633,947,60
5,-1,0,5.0,-1.0,0.7251133918762207,50.05623023850174,70,80,3,1640,744,633,947,60
2,-1,0,2.0,-1.0,0.7328493595123291,48.10249675906654,70,78,4,1640,744,633,947,60
3,0,0,3.0,-0.0,0.7409923076629639,45.106590922501596,70,75,4,1640,744,633,947,60
3,-1,0,3.0,-1.0,0.7490522861480713,42.17340230306452,70,72,5,1640,744,633,947,60
5,-1,0,5.0,-1.0,0.7568714618682861,37.268120235368556,70,67,6,1640,744,633,947,60
6,-1,0,6.0,-1.0,0.765019416809082,31.400325732035007,70,61,7,1640,744,633,947,60
5,-1,0,5.0,-1.0,0.773017406463623,26.568542494923804,70,56,8,1640,744,633,947,60
6,-2,0,6.0,-2.0,0.7810122966766357,20.99019513592785,70,50,10,1640,744,633,947,60
5,-2,0,5.0,-2.0,0.7890253067016602,16.57252408878007,70,45,12,1640,744,633,947,60
3,-1,0,3.0,-1.0,0.797067403793335,13.965895873961216,70,42,13,1640,744,633,947,60
4,-1,0,4.0,-1.0,0.8049623966217041,10.496913462633174,70,38,14,1640,744,633,947,60
3,0,0,3.0,-0.0,0.8129863739013672,7.696153649941529,70,35,14,1640,744,633,947,60
1,0,0,1.0,-0.0,0.8209912776947021,6.76955262170047,70,34,14,1640,744,633,947,60
2,0,0,2.0,-0.0,0.8289942741394043,4.928498393145958,70,32,14,1640,744,633,947,60
1,0,0,1.0,-0.0,0.8371334075927734,4.014702703389901,70,31,14,1640,744,633,947,60
0,0,1,-0.0,-0.0,0.8409044742584229,4.014702703389901,70,31,14,1640,744,633,947,60
1,0,1,1.0,-0.0,0.8453893661499023,3.1058907144936967,70,30,14,1640,744,633,947,60
0,0,0,-0.0,-0.0,0.07508444786071777,389.93901985539264,71,-377,-161,1233,569,1610,730,41
-1,0,0,-1.0,-0.0,0.11826848983764648,389.0195594345092,71,-376,-161,1233,569,1610,730,41
-3,0,0,-3.0,-0.0,0.12625956535339355,386.2634613154375,71,-373,-161,1233,569,1610,730,41
-3,0,0,-3.0,-0.0,0.1341395378112793,383.510842481339,71,-370,-161,1233,569,1610,730,41
-4,-1,0,-4.0,-1.0,0.14213943481445312,379.4446144335908,71,-366,-160,1233,569,1610,730,41
-3,0,0,-3.0,-0.0,0.15015935897827148,376.6976178400874,71,-363,-160,1233,569,1610,730,41
-3,0,0,-3.0,-0.0,0.1582183837890625,373.9543120718442,71,-360,-160,1233,569,1610,730,41
-5,0,0,-5.0,-0.0,0.16599535942077637,369.39054944875073,71,-355,-160,1233,569,1610,730,41
-7,0,0,-7.0,-0.0,0.17413735389709473,363.0195817448502,71,-348,-160,1233,569,1610,730,41
-8,0,0,-8.0,-0.0,0.18224644660949707,355.7658845611187,71,-340,-160,1233,569,1610,730,41
-7,0,0,-7.0,-0.0,0.19031643867492676,349.44417710934357,71,-333,-160,1233,569,1610,730,41
-7,-1,0,-7.0,-1.0,0.19812846183776855,342.70787143374764,71,-326,-159,1233,569,1610,730,41
-10,-2,0,-10.0,-2.0,0.2062385082244873,332.8526604689272,71,-316,-157,1233,569,1610,730,41
-11,-2,0,-11.0,-2.0,0.21416354179382324,322.12570789112004,71,-305,-155,1233,569,1610,730,41
-15,-3,0,-15.0,-3.0,0.22219443321228027,307.42021929013487,71,-290,-152,1233,569,1610,730,41
-14,-4,0,-14.0,-4.0,0.23027253150939941,293.1772660970141,71,-276,-148,1233,569,1610,730,41
-14,-4,0,-14.0,-4.0,0.2379903793334961,278.9648808806814,71,-262,-144,1233,569,1610,730,41
-12,-6,0,-12.0,-6.0,0.2460155487060547,265.5591007129697,71,-250,-138,1233,569,1610,730,41
-13,-6,0,-13.0,-6.0,0.2541344165802002,251.28029784707917,71,-237,-132,1233,569,1610,730,41
-11,-8,0,-11.0,-8.0,0.26216650009155273,237.78285435614214,71,-226,-124,1233,569,1610,730,41
-12,-9,0,-12.0,-9.0,0.27017641067504883,222.94237999986746,71,-214,-115,1233,569,1610,730,41
-11,-10,0,-11.0,-10.0,0.278017520904541,208.5475880424031,71,-203,-105,1233,569,1610,730,41
-12,-9,0,-12.0,-9.0,0.286130428314209,193.76856644511605,71,-191,-96,1233,569,1610,730,41
-14,-11,0,-14.0,-11.0,0.2942354679107666,176.3517252279694,71,-177,-85,1233,569,1610,730,41
-13,-9,0,-13.0,-9.0,0.3024144172668457,160.75397644312005,71,-164,-76,1233,569,1610,730,41
-17,-8,0,-17.0,-8.0,0.3100104331970215,141.9660458244258,71,-147,-68,1233,569,1610,730,41
-19,-7,0,-19.0,-7.0,0.31816744804382324,121.79210133149166,71,-128,-61,1233,569,1610,730,41
-19,-6,0,-19.0,-6.0,0.32613539695739746,102.09013064126027,71,-109,-55,1233,569,1610,730,41
-20,-7,0,-20.0,-7.0,0.3342745304107666,81.11874208078342,71,-89,-48,1233,569,1610,730,41
-20,-6,0,-20.0,-6.0,0.34213757514953613,60.77747210701756,71,-69,-42,1233,569,1610,730,41
-19,-6,0,-19.0,-6.0,0.35001134872436523,41.61168720299745,71,-50,-36,1233,569,1610,730,41
-16,-5,0,-16.0,-5.0,0.3581573963165283,26.010868281309364,71,-34,-31,1233,569,1610,730,41
-13,-4,0,-13.0,-4.0,0.3661844730377197,14.205262752974143,71,-21,-27,1233,569,1610,730,41
-11,-4,0,-11.0,-4.0,0.3742504119873047,5.079872407968907,71,-10,-23,1233,569,1610,730,41
-11,-3,0,-11.0,-3.0,0.3821275234222412,0.024984394500787488,71,1,-20,1233,569,1610,730,41
-9,-4,0,-9.0,-4.0,0.3900294303894043,-1.1320377358867937,71,10,-16,1233,569,1610,730,41
-7,-3,0,-7.0,-3.0,0.3981304168701172,1.4009345590326951,71,17,-13,1233,569,1610,730,41
-6,-2,0,-6.0,-2.0,0.40616440773010254,5.495097567963924,71,23,-11,1233,569,1610,730,41
-4,-3,0,-4.0,-3.0,0.4142124652862549,8.160255680657446,71,27,-8,1233,569,1610,730,41
-3,-2,0,-3.0,-2.0,0.4221763610839844,10.59411708155671,71,30,-6,1233,569,1610,730,41
-1,-1,0,-1.0,-1.0,0.4301724433898926,11.400636936215164,71,31,-5,1233,569,1610,730,41
-1,0,0,-1.0,-0.0,0.43815040588378906,12.388269481403292,71,32,-5,1233,569,1610,730,41
0,0,1,-0.0,-0.0,0.47709035873413086,12.388269481403292,71,32,-5,1233,569,1610,730,41
0,0,0,-0.0,-0.0,0.10143208503723145,639.3451835733999,72,-655,-42,546,532,1201,574,34
-3,0,0,-3.0,-0.0,0.17751288414001465,636.3513602955151,72,-652,-42,546,532,1201,574,34
-8,0,0,-8.0,-0.0,0.1852560043334961,628.3681120105022,72,-644,-42,546,532,1201,574,34
-12,0,0,-12.0,-0.0,0.19350290298461914,616.394032179022,72,-632,-42,546,532,1201,574,34
-19,1,0,-19.0,1.0,0.20130300521850586,597.5063059074333,72,-613,-43,546,532,1201,574,34
-24,0,0,-24.0,-0.0,0.20929288864135742,573.5675236583875,72,-589,-43,546,532,1201,574,34
-30,0,0,-30.0,-0.0,0.21744799613952637,543.6514068474278,72,-559,-43,546,532,1201,574,34
-30,0,0,-30.0,-0.0,0.22543907165527344,513.7447597480356,72,-529,-43,546,532,1201,574,34
-34,-1,0,-34.0,-1.0,0.23345589637756348,479.7786227284745,72,-495,-42,546,532,1201,574,34
-35,-1,0,-35.0,-1.0,0.24146294593811035,444.82355938171884,72,-460,-41,546,532,1201,574,34
-36,-2,0,-36.0,-2.0,0.24953198432922363,408.7898542708598,72,-424,-39,546,532,1201,574,34
-35,-2,0,-35.0,-2.0,0.2573239803314209,373.7556781417258,72,-389,-37,546,532,1201,574,34
-32,-3,0,-32.0,-3.0,0.2654600143432617,341.6153928653928,72,-357,-34,546,532,1201,574,34
-28,-2,0,-28.0,-2.0,0.27341198921203613,313.55256768024054,72,-329,-32,546,532,1201,574,34
-25,-3,0,-25.0,-3.0,0.28138303756713867,288.38009103410786,72,-304,-29,546,532,1201,574,34
-21,-3,0,-21.0,-3.0,0.2894768714904785,267.1918366174511,72,-283,-26,546,532,1201,574,34
-18,-2,0,-18.0,-2.0,0.29739999771118164,249.0845730214362,72,-265,-24,546,532,1201,574,34
-14,-1,0,-14.0,-1.0,0.3054189682006836,235.05158202241066,72,-251,-23,546,532,1201,574,34
-12,-1,0,-12.0,-1.0,0.3133730888366699,223.01041644062033,72,-239,-22,546,532,1201,574,34
-11,-1,0,-11.0,-1.0,0.32141590118408203,211.96506283710622,72,-228,-21,546,532,1201,574,34
-10,0,0,-10.0,-0.0,0.32929491996765137,202.0091322296858,72,-218,-21,546,532,1201,574,34
-11,0,0,-11.0,-0.0,0.33753395080566406,191.06249061279644,72,-207,-21,546,532,1201,574,34
-8,0,0,-8.0,-0.0,0.3453190326690674,183.10497245196083,72,-199,-21,546,532,1201,574,34
-8,0,0,-8.0,-0.0,0.3533780574798584,175.15098230297966,72,-191,-21,546,532,1201,574,34
-7,0,0,-7.0,-0.0,0.3613400459289551,168.1944923587092,72,-184,-21,546,532,1201,574,34
-7,0,0,-7.0,-0.0,0.36951708793640137,161.24140933015536,72,-177,-21,546,532,1201,574,34
-6,1,0,-6.0,1.0,0.3772850036621094,155.40939649566667,72,-171,-22,546,532,1201,574,34
-6,1,0,-6.0,1.0,0.3854200839996338,149.59531806146293,72,-165,-23,546,532,1201,574,34
-5,0,0,-5.0,-0.0,0.39344000816345215,144.64467204334326,72,-160,-23,546,532,1201,574,34
-4,0,0,-4.0,-0.0,0.4013180732727051,140.68639763784319,72,-156,-23,546,532,1201,574,34
-5,1,0,-5.0,1.0,0.4094109535217285,135.8953890737062,72,-151,-24,546,532,1201,574,34
-4,0,0,-4.0,-0.0,0.4173600673675537,131.94629904767692,72,-147,-24,546,532,1201,574,34
-5,0,0,-5.0,-0.0,0.42528390884399414,127.01388821915754,72,-142,-24,546,532,1201,574,34
-2,0,0,-2.0,-0.0,0.433319091796875,125.04224723651762,72,-140,-24,546,532,1201,574,34
-2,0,0,-2.0,-0.0,0.4414529800415039,123.07141035914503,72,-138,-24,546,532,1201,574,34
-1,0,0,-1.0,-0.0,0.4495100975036621,122.08630414242805,72,-137,-24,546,532,1201,574,34
-2,0,0,-2.0,-0.0,0.45747995376586914,120.11673858431726,72,-135,-24,546,532,1201,574,34
-2,-1,0,-2.0,-1.0,0.46547389030456543,117.97407158413796,72,-133,-23,546,532,1201,574,34
-2,0,0,-2.0,-0.0,0.47342896461486816,116.00375934536586,72,-131,-23,546,532,1201,574,34
-2,-2,0,-2.0,-2.0,0.4813389778137207,113.6981254647518,72,-129,-21,546,532,1201,574,34
-4,-1,0,-4.0,-1.0,0.4892868995666504,109.58988901172162,72,-125,-20,546,532,1201,574,34
-4,-1,0,-4.0,-1.0,0.4974679946899414,105.48265183282079,72,-121,-19,546,532,1201,574,34
-4,-2,0,-4.0,-2.0,0.5053629875183105,101.2285921425101,72,-117,-17,546,532,1201,574,34
-5,-2,0,-5.0,-2.0,0.5134329795837402,96.0,72,-112,-15,546,532,1201,574,34
-5,-1,0,-5.0,-1.0,0.5214550495147705,90.91200118615167,72,-107,-14,546,532,1201,574,34
-6,-2,0,-6.0,-2.0,0.5294229984283447,84.71037311896953,72,-101,-12,546,532,1201,574,34
-7,-2,0,-7.0,-2.0,0.5374209880828857,77.53041838477179,72,-94,-10,546,532,1201,574,34
-7,-2,0,-7.0,-2.0,0.5458149909973145,70.36704184073076,72,-87,-8,546,532,1201,574,34
-7,-2,0,-7.0,-2.0,0.5533199310302734,63.22468448052632,72,-80,-6,546,532,1201,574,34
-6,-1,0,-6.0,-1.0,0.5614080429077148,57.168726563154635,72,-74,-5,546,532,1201,574,34
-6,-1,0,-6.0,-1.0,0.569267988204956,51.11754546370561,72,-68,-4,546,532,1201,574,34
-5,-1,0,-5.0,-1.0,0.5773260593414307,46.071388124885914,72,-63,-3,546,532,1201,574,34
-4,-1,0,-4.0,-1.0,0.5854949951171875,42.033888572581766,72,-59,-2,546,532,1201,574,34
-2,-1,0,-2.0,-1.0,0.5934329032897949,40.0087712549569,72,-57,-1,546,532,1201,574,34
-2,0,0,-2.0,-0.0,0.6014230251312256,38.00909015790027,72,-55,-1,546,532,1201,574,34
-2,0,0,-2.0,-0.0,0.6094110012054443,36.009433122794285,72,-53,-1,546,532,1201,574,34
-2,-1,0,-2.0,-1.0,0.6174149513244629,34.0,72,-51,0,546,532,1201,574,34
-1,0,0,-1.0,-0.0,0.6253869533538818,33.0,72,-50,0,546,532,1201,574,34
-2,-1,0,-2.0,-1.0,0.6334230899810791,31.010415536631214,72,-48,1,546,532,1201,574,34
-2,0,0,-2.0,-0.0,0.6413450241088867,29.010868281309364,72,-46,1,546,532,1201,574,34
-1,0,0,-1.0,-0.0,0.6493299007415771,28.0111097397076,72,-45,1,546,532,1201,574,34
-2,-1,0,-2.0,-1.0,0.6574959754943848,26.046486500061768,72,-43,2,546,532,1201,574,34
-3,0,0,-3.0,-0.0,0.6654269695281982,23.049968789001575,72,-40,2,546,532,1201,574,34
-3,-1,0,-3.0,-1.0,0.6734390258789062,20.12142238654117,72,-37,3,546,532,1201,574,34
-3,0,0,-3.0,-0.0,0.6814320087432861,17.132096331752024,72,-34,3,546,532,1201,574,34
0,0,1,-0.0,-0.0,0.688291072845459,17.132096331752024,72,-34,3,546,532,1201,574,34
-4,-1,1,-4.0,-1.0,0.6924140453338623,13.265491900843113,72,-30,4,546,532,1201,574,34
-3,0,1,-3.0,-0.0,0.6972908973693848,10.294688127912362,72,-27,4,546,532,1201,574,34
-3,0,1,-3.0,-0.0,0.004540681838989258,437.02150487907545,73,-314,-343,256,185,573,528,56
-3,0,1,-3.0,-0.0,0.012489795684814453,435.0010799123475,73,-311,-343,256,185,573,528,56
-2,0,1,-2.0,-0.0,0.020523786544799805,433.6600480873345,73,-309,-343,256,185,573,528,56
-3,0,1,-3.0,-0.0,0.02851581573486328,431.65748117484173,73,-306,-343,256,185,573,528,56
-3,0,1,-3.0,-0.0,0.03650164604187012,429.6658169450718,73,-303,-343,256,185,573,528,56
-2,0,1,-2.0,-0.0,0.04450869560241699,428.3441683641854,73,-301,-343,256,185,573,528,56
-1,0,1,-1.0,-0.0,0.05258584022521973,427.68519835518026,73,-300,-343,256,185,573,528,56
0,0,0,-0.0,-0.0,0.12241077423095703,427.68519835518026,73,-300,-343,256,185,573,528,56
-2,0,0,-2.0,-0.0,0.2124626636505127,426.37099379251754,73,-298,-343,256,185,573,528,56
-5,0,0,-5.0,-0.0,0.2205057144165039,423.1075259846592,73,-293,-343,256,185,573,528,56
-7,-2,0,-7.0,-2.0,0.2285456657409668,417.058423131166,73,-286,-341,256,185,573,528,56
-8,-4,0,-8.0,-4.0,0.2364058494567871,408.86725672680024,73,-278,-337,256,185,573,528,56
-10,-10,0,-10.0,-10.0,0.24451184272766113,394.79191099168395,73,-268,-327,256,185,573,528,56
-14,-19,0,-14.0,-19.0,0.25249767303466797,371.2242477605788,73,-254,-308,256,185,573,528,56
-18,-28,0,-18.0,-28.0,0.26050472259521484,338.1912068851463,73,-236,-280,256,185,573,528,56
-20,-31,0,-20.0,-31.0,0.2684926986694336,301.6316125616595,73,-216,-249,256,185,573,528,56
-22,-30,0,-22.0,-30.0,0.2765476703643799,264.56964982718216,73,-194,-219,256,185,573,528,56
-20,-24,0,-20.0,-24.0,0.28435468673706055,233.3446000972662,73,-174,-195,256,185,573,528,56
-21,-16,0,-21.0,-16.0,0.29250073432922363,207.47823678633233,73,-153,-179,256,185,573,528,56
-19,-10,0,-19.0,-10.0,0.30045485496520996,187.67800073257357,73,-134,-169,256,185,573,528,56
-17,-8,0,-17.0,-8.0,0.3085207939147949,171.0226117806718,73,-117,-161,256,185,573,528,56
-14,-4,0,-14.0,-4.0,0.3165147304534912,159.77113729218343,73,-103,-157,256,185,573,528,56
-10,-4,0,-10.0,-4.0,0.3244907855987549,151.0474797365213,73,-93,-153,256,185,573,528,56
-7,-4,0,-7.0,-4.0,0.3325016498565674,144.03778654702577,73,-86,-149,256,185,573,528,56
-9,-4,0,-9.0,-4.0,0.3405017852783203,136.17673403987544,73,-77,-145,256,185,573,528,56
-7,-5,0,-7.0,-5.0,0.348524808883667,128.52475842498527,73,-70,-140,256,185,573,528,56
-6,-6,0,-6.0,-6.0,0.3565256595611572,120.49915824677257,73,-64,-134,256,185,573,528,56
-5,-7,0,-5.0,-7.0,0.36446475982666016,112.03570973148243,73,-59,-127,256,185,573,528,56
-4,-8,0,-4.0,-8.0,0.37248969078063965,103.09538512091109,73,-55,-119,256,185,573,528,56
-4,-7,0,-4.0,-7.0,0.3805358409881592,95.06502346320826,73,-51,-112,256,185,573,528,56
-5,-7,0,-5.0,-7.0,0.38849663734436035,86.63420083029322,73,-46,-105,256,185,573,528,56
-7,-9,0,-7.0,-9.0,0.3965158462524414,75.61949623502326,73,-39,-96,256,185,573,528,56
-7,-9,0,-7.0,-9.0,0.40453267097473145,64.69843580125827,73,-32,-87,256,185,573,528,56
-7,-8,0,-7.0,-8.0,0.41254377365112305,54.86132994346639,73,-25,-79,256,185,573,528,56
-7,-7,0,-7.0,-7.0,0.4204998016357422,46.21590126111789,73,-18,-72,256,185,573,528,56
-4,-5,0,-4.0,-5.0,0.4286036491394043,40.447059834590405,73,-14,-67,256,185,573,528,56
-4,-3,0,-4.0,-3.0,0.436511754989624,36.77653896280658,73,-10,-64,256,185,573,528,56
-1,-2,0,-1.0,-2.0,0.44437670707702637,34.64982043070834,73,-9,-62,256,185,573,528,56
-1,-2,0,-1.0,-2.0,0.45246076583862305,32.530983801686226,73,-8,-60,256,185,573,528,56
-1,-2,0,-1.0,-2.0,0.4603748321533203,30.42088667591412,73,-7,-58,256,185,573,528,56
0,-1,0,-0.0,-1.0,0.4685807228088379,29.42821606144492,73,-7,-57,256,185,573,528,56
-1,-2,0,-1.0,-2.0,0.4765937328338623,27.326304774492215,73,-6,-55,256,185,573,528,56
0,-1,0,-0.0,-1.0,0.484508752822876,26.332310828824497,73,-6,-54,256,185,573,528,56
0,-1,0,-0.0,-1.0,0.500525712966919,25.338541412378348,73,-6,-53,256,185,573,528,56
-1,-1,0,-1.0,-1.0,0.5085527896881104,24.23983154643591,73,-5,-52,256,185,573,528,56
0,-2,0,-0.0,-2.0,0.5163557529449463,22.24937810560445,73,-5,-50,256,185,573,528,56
-1,-2,0,-1.0,-2.0,0.5243597030639648,20.166378315169183,73,-4,-48,256,185,573,528,56
0,-2,0,-0.0,-2.0,0.5325286388397217,18.173585522460783,73,-4,-46,256,185,573,528,56
0,-1,0,-0.0,-1.0,0.5405306816101074,17.17742799230607,73,-4,-45,256,185,573,528,56
0,0,1,-0.0,-0.0,0.573408842086792,17.17742799230607,73,-4,-45,256,185,573,528,56
0,0,0,-0.0,-0.0,0.06889772415161133,688.3104954877127,74,330,629,590,859,260,230,45
1,1,0,1.0,1.0,0.1410226821899414,686.9605066574583,74,329,628,590,859,260,230,45
3,3,0,3.0,3.0,0.1489098072052002,682.9120512517856,74,326,625,590,859,260,230,45
4,5,0,4.0,5.0,0.15694069862365723,676.6300881009921,74,322,620,590,859,260,230,45
4,6,0,4.0,6.0,0.1648726463317871,669.4622187798839,74,318,614,590,859,260,230,45
5,8,0,5.0,8.0,0.17303681373596191,660.0593815790528,74,313,606,590,859,260,230,45
7,12,0,7.0,12.0,0.18114280700683594,646.185602957741,74,306,594,590,859,260,230,45
10,16,0,10.0,16.0,0.18899869918823242,627.3843238021688,74,296,578,590,859,260,230,45
13,21,0,13.0,21.0,0.19704961776733398,602.7703578115722,74,283,557,590,859,260,230,45
16,25,0,16.0,25.0,0.20502471923828125,573.2419676064516,74,267,532,590,859,260,230,45
17,24,0,17.0,24.0,0.2128918170928955,544.1837157672411,74,250,508,590,859,260,230,45
19,24,0,19.0,24.0,0.22089076042175293,514.2993567029519,74,231,484,590,859,260,230,45
18,21,0,18.0,21.0,0.22890877723693848,487.64497446752085,74,213,463,590,859,260,230,45
16,20,0,16.0,20.0,0.23700976371765137,462.8278044832,74,197,443,590,859,260,230,45
15,17,0,15.0,17.0,0.24512767791748047,441.24939287601876,74,182,426,590,859,260,230,45
11,17,0,11.0,17.0,0.252896785736084,421.3080193274198,74,171,409,590,859,260,230,45
8,15,0,8.0,15.0,0.2609527111053467,404.38597537911585,74,163,394,590,859,260,230,45
7,18,0,7.0,18.0,0.2689957618713379,385.07738821997964,74,156,376,590,859,260,230,45
7,18,0,7.0,18.0,0.27695775032043457,365.76926128820475,74,149,358,590,859,260,230,45
6,18,0,6.0,18.0,0.2850987911224365,346.84820726146955,74,143,340,590,859,260,230,45
7,19,0,7.0,19.0,0.29305577278137207,326.6215713348788,74,136,321,590,859,260,230,45
7,20,0,7.0,20.0,0.3010416030883789,305.47824355214806,74,129,301,590,859,260,230,45
7,18,0,7.0,18.0,0.3091256618499756,286.1768972522113,74,122,283,590,859,260,230,45
6,17,0,6.0,17.0,0.31696081161499023,268.1930391997713,74,116,266,590,859,260,230,45
5,16,0,5.0,16.0,0.3250257968902588,251.53427573157995,74,111,250,590,859,260,230,45
4,15,0,4.0,15.0,0.332918643951416,236.21309029559285,74,107,235,590,859,260,230,45
3,15,0,3.0,15.0,0.3409907817840576,221.34337878808208,74,104,220,590,859,260,230,45
2,15,0,2.0,15.0,0.3489716053009033,206.97379762758882,74,102,205,590,859,260,230,45
2,13,0,2.0,13.0,0.3569307327270508,194.48094604375694,74,100,192,590,859,260,230,45
2,12,0,2.0,12.0,0.36501264572143555,182.94877408757534,74,98,180,590,859,260,230,45
2,13,0,2.0,13.0,0.3729846477508545,170.62658175859323,74,96,167,590,859,260,230,45
4,12,0,4.0,12.0,0.3811476230621338,158.24705268048075,74,92,155,590,859,260,230,45
3,12,0,3.0,12.0,0.38892269134521484,146.4339633209407,74,89,143,590,859,260,230,45
3,13,0,3.0,13.0,0.39696359634399414,133.8717421471897,74,86,130,590,859,260,230,45
3,11,0,3.0,11.0,0.4051356315612793,123.08618128546908,74,83,119,590,859,260,230,45
4,10,0,4.0,10.0,0.4130117893218994,112.61797799699713,74,79,109,590,859,260,230,45
3,11,0,3.0,11.0,0.4210376739501953,102.01612798341996,74,76,98,590,859,260,230,45
2,9,0,2.0,9.0,0.42899060249328613,93.74541027617467,74,74,89,590,859,260,230,45
3,8,0,3.0,8.0,0.43701171875,85.71258050942797,74,71,81,590,859,260,230,45
4,8,0,4.0,8.0,0.44507765769958496,77.08582138732059,74,67,73,590,859,260,230,45
3,7,0,3.0,7.0,0.4530017375946045,69.93475947648963,74,64,66,590,859,260,230,45
4,6,0,4.0,6.0,0.4609978199005127,62.852813742385706,74,60,60,590,859,260,230,45
3,6,0,3.0,6.0,0.4690706729888916,56.5175139698144,74,57,54,590,859,260,230,45
4,4,0,4.0,4.0,0.4770348072052002,50.862884927787476,74,53,50,590,859,260,230,45
3,5,0,3.0,5.0,0.48500776290893555,45.268120235368556,74,50,45,590,859,260,230,45
4,5,0,4.0,5.0,0.49309277534484863,38.959002616512684,74,46,40,590,859,260,230,45
5,5,0,5.0,5.0,0.5010325908660889,31.907327887774215,74,41,35,590,859,260,230,45
5,5,0,5.0,5.0,0.5089287757873535,24.861498055439924,74,36,30,590,859,260,230,45
4,5,0,4.0,5.0,0.5169765949249268,18.607881008493905,74,32,25,590,859,260,230,45
5,4,0,5.0,4.0,0.5248777866363525,12.205262752974143,74,27,21,590,859,260,230,45
3,4,0,3.0,4.0,0.5330057144165039,7.410882339705484,74,24,17,590,859,260,230,45
4,4,0,4.0,4.0,0.5408716201782227,1.8537208837531267,74,20,13,590,859,260,230,45
4,4,0,4.0,4.0,0.5490167140960693,-3.6424402493141805,74,16,9,590,859,260,230,45
2,3,0,2.0,3.0,0.5569987297058105,-6.768453788272183,74,14,6,590,859,260,230,45
1,1,0,1.0,1.0,0.5650036334991455,-8.07161172281588,74,13,5,590,859,260,230,45
0,1,0,-0.0,1.0,0.5730247497558594,-8.398529491264556,74,13,4,590,859,260,230,45
1,0,0,1.0,-0.0,0.5968906879425049,-9.350889359326482,74,12,4,590,859,260,230,45
0,1,0,-0.0,1.0,0.6050186157226562,-9.63068312314702,74,12,3,590,859,260,230,45
1,2,0,1.0,2.0,0.6130917072296143,-10.954638982812739,74,11,1,590,859,260,230,45
2,3,0,2.0,3.0,0.6210086345672607,-12.780455542707113,74,9,-2,590,859,260,230,45
2,4,0,2.0,4.0,0.6289596557617188,-12.780455542707113,74,7,-6,590,859,260,230,45
3,4,0,3.0,4.0,0.6369748115539551,-11.229670385730993,74,4,-10,590,859,260,230,45
2,3,0,2.0,3.0,0.645047664642334,-8.847053562034095,74,2,-13,590,859,260,230,45
1,2,0,1.0,2.0,0.6530296802520752,-6.966703621627092,74,1,-15,590,859,260,230,45
0,1,0,-0.0,1.0,0.6610298156738281,-5.9687804581186015,74,1,-16,590,859,260,230,45
0,0,1,-0.0,-0.0,0.6619777679443359,-5.9687804581186015,74,1,-16,590,859,260,230,45
0,0,0,-0.0,-0.0,0.7310187816619873,-5.9687804581186015,74,1,-16,590,859,260,230,45
2,0,0,2.0,-0.0,0.7970366477966309,-5.9687804581186015,74,-1,-16,590,859,260,230,45
4,-1,0,4.0,-1.0,0.8050837516784668,-6.188611699158104,74,-5,-15,590,859,260,230,45
5,-2,0,5.0,-2.0,0.8129377365112305,-5.598780533143273,74,-10,-13,590,859,260,230,45
5,-2,0,5.0,-2.0,0.8211658000946045,-3.398924762261725,74,-15,-11,590,859,260,230,45
4,-1,0,4.0,-1.0,0.8289227485656738,-0.529089446416112,74,-19,-10,590,859,260,230,45
3,-2,0,3.0,-2.0,0.8370697498321533,1.4093998214392514,74,-22,-8,590,859,260,230,45
6,-3,0,6.0,-3.0,0.845064640045166,6.442925306655784,74,-28,-5,590,859,260,230,45
7,-3,0,7.0,-3.0,0.8530757427215576,13.05709628591621,74,-35,-2,590,859,260,230,45
8,-3,0,8.0,-3.0,0.8609247207641602,21.011626335213137,74,-43,1,590,859,260,230,45
10,-3,0,10.0,-3.0,0.8690276145935059,31.150729063673246,74,-53,4,590,859,260,230,45
10,-2,0,10.0,-2.0,0.8769407272338867,41.28506932918696,74,-63,6,590,859,260,230,45
8,-1,0,8.0,-1.0,0.8849596977233887,49.344235926947874,74,-71,7,590,859,260,230,45
7,0,0,7.0,-0.0,0.8929026126861572,56.31347265956222,74,-78,7,590,859,260,230,45
2,-1,0,2.0,-1.0,0.9010617733001709,58.39900496896712,74,-80,8,590,859,260,230,45
1,0,0,1.0,-0.0,0.9090166091918945,59.39410298049853,74,-81,8,590,859,260,230,45
-2,0,0,-2.0,-0.0,1.0130226612091064,57.40403012442127,74,-79,8,590,859,260,230,45
-4,0,0,-4.0,-0.0,1.020972728729248,53.4254598925323,74,-75,8,590,859,260,230,45
-7,0,0,-7.0,-0.0,1.0289306640625,46.46897107449476,74,-68,8,590,859,260,230,45
-6,0,0,-6.0,-0.0,1.0370128154754639,40.51399843235114,74,-62,8,590,859,260,230,45
-6,1,0,-6.0,1.0,1.044954776763916,34.43580423808985,74,-56,7,590,859,260,230,45
-5,0,0,-5.0,-0.0,1.0530116558074951,29.478150704935004,74,-51,7,590,859,260,230,45
-5,1,0,-5.0,1.0,1.0608665943145752,24.389654018972806,74,-46,6,590,859,260,230,45
-5,0,0,-5.0,-0.0,1.0690467357635498,19.43669871020132,74,-41,6,590,859,260,230,45
-4,1,0,-4.0,1.0,1.0770277976989746,15.336309405188942,74,-37,5,590,859,260,230,45
-3,0,0,-3.0,-0.0,1.085120677947998,12.365680554879162,74,-34,5,590,859,260,230,45
0,0,1,-0.0,-0.0,1.123950719833374,12.365680554879162,74,-34,5,590,859,260,230,45
0,0,0,-0.0,-0.0,0.04004788398742676,328.0569399414487,75,296,-205,920,649,624,854,64
3,0,0,3.0,-0.0,0.19222068786621094,325.59474269066095,75,293,-205,920,649,624,854,64
6,-2,0,6.0,-2.0,0.20005178451538086,319.5366268257121,75,287,-203,920,649,624,854,64
9,-5,0,9.0,-5.0,0.20809388160705566,309.3033841027657,75,278,-198,920,649,624,854,64
10,-5,0,10.0,-5.0,0.21607375144958496,298.26201719241044,75,268,-193,920,649,624,854,64
14,-5,0,14.0,-5.0,0.22411584854125977,284.0063290505429,75,254,-188,920,649,624,854,64
18,-7,0,18.0,-7.0,0.23215985298156738,265.41721537261424,75,236,-181,920,649,624,854,64
23,-8,0,23.0,-8.0,0.24012374877929688,242.40481045346127,75,213,-173,920,649,624,854,64
25,-7,0,25.0,-7.0,0.24860668182373047,218.79872407968904,75,188,-166,920,649,624,854,64
26,-9,0,26.0,-9.0,0.25605082511901855,193.59476944291063,75,162,-157,920,649,624,854,64
29,-12,0,29.0,-12.0,0.2640516757965088,164.7587355112855,75,133,-145,920,649,624,854,64
30,-12,0,30.0,-12.0,0.2720327377319336,136.22009392459628,75,103,-133,920,649,624,854,64
32,-13,0,32.0,-13.0,0.28006887435913086,107.43098651304163,75,71,-120,920,649,624,854,64
29,-14,0,29.0,-14.0,0.28801584243774414,82.0175425099138,75,42,-106,920,649,624,854,64
27,-11,0,27.0,-11.0,0.2960817813873291,64.17692030835673,75,15,-95,920,649,624,854,64
24,-9,0,24.0,-9.0,0.3040168285369873,54.469647854030256,75,-9,-86,920,649,624,854,64
18,-6,0,18.0,-6.0,0.3121058940887451,52.43340571124678,75,-27,-80,920,649,624,854,64
14,-6,0,14.0,-6.0,0.32018280029296875,52.599054368237475,75,-41,-74,920,649,624,854,64
11,-4,0,11.0,-4.0,0.32810068130493164,55.20091742636656,75,-52,-70,920,649,624,854,64
8,-5,0,8.0,-5.0,0.336087703704834,56.45903006477066,75,-60,-65,920,649,624,854,64
5,-4,0,5.0,-4.0,0.34404873847961426,57.140338792266206,75,-65,-61,920,649,624,854,64
4,-3,0,4.0,-3.0,0.35208773612976074,58.13878188659973,75,-69,-58,920,649,624,854,64
3,-4,0,3.0,-4.0,0.3600187301635742,58.0,75,-72,-54,920,649,624,854,64
4,-5,0,4.0,-5.0,0.36800575256347656,58.426765949026404,75,-76,-49,920,649,624,854,64
3,-5,0,3.0,-5.0,0.3760218620300293,58.426765949026404,75,-79,-44,920,649,624,854,64
3,-4,0,3.0,-4.0,0.3840208053588867,59.23595782365635,75,-82,-40,920,649,624,854,64
1,-1,0,1.0,-1.0,0.3920707702636719,59.706052144883,75,-83,-39,920,649,624,854,64
0,-1,0,-0.0,-1.0,0.4880647659301758,59.28526715741155,75,-83,-38,920,649,624,854,64
-1,0,0,-1.0,-0.0,0.4960808753967285,58.376988221560026,75,-82,-38,920,649,624,854,64
-5,0,0,-5.0,-0.0,0.5041077136993408,53.86617494683223,75,-77,-38,920,649,624,854,64
-6,0,0,-6.0,-0.0,0.51212477684021,48.52949770115296,75,-71,-38,920,649,624,854,64
-5,0,0,-5.0,-0.0,0.5202028751373291,44.15773105863909,75,-66,-38,920,649,624,854,64
-4,0,0,-4.0,-0.0,0.5281667709350586,40.71863585079137,75,-62,-38,920,649,624,854,64
-6,0,0,-6.0,-0.0,0.5361487865447998,35.675697262754525,75,-56,-38,920,649,624,854,64
-5,0,0,-5.0,-0.0,0.544043779373169,31.60031446463138,75,-51,-38,920,649,624,854,64
-5,0,0,-5.0,-0.0,0.5520868301391602,27.665735560705194,75,-46,-38,920,649,624,854,64
-4,0,0,-4.0,-0.0,0.5600347518920898,24.639209034025185,75,-42,-38,920,649,624,854,64
-5,-1,0,-5.0,-1.0,0.5680897235870361,20.32590180780452,75,-37,-37,920,649,624,854,64
-5,-1,0,-5.0,-1.0,0.5760726928710938,16.166378315169183,75,-32,-36,920,649,624,854,64
-4,0,0,-4.0,-0.0,0.5841488838195801,13.607017003965517,75,-28,-36,920,649,624,854,64
-3,-1,0,-3.0,-1.0,0.5920977592468262,11.011626335213137,75,-25,-35,920,649,624,854,64
-1,0,0,-1.0,-0.0,0.6002397537231445,10.43819034784589,75,-24,-35,920,649,624,854,64
-1,0,0,-1.0,-0.0,0.6241347789764404,9.880783182743848,75,-23,-35,920,649,624,854,64
0,0,1,-0.0,-0.0,0.6410408020019531,9.880783182743848,75,-23,-35,920,649,624,854,64
0,0,0,-0.0,-0.0,0.06435394287109375,440.41884526110204,76,36,-456,979,228,943,684,34
-2,2,0,-2.0,2.0,0.11330485343933105,442.5737155234185,76,38,-458,979,228,943,684,34
-4,2,0,-4.0,2.0,0.12121701240539551,444.91341179922455,76,42,-460,979,228,943,684,34
-3,2,0,-3.0,2.0,0.12932085990905762,447.1863849791375,76,45,-462,979,228,943,684,34
-4,3,0,-4.0,3.0,0.1373119354248047,450.5745929795587,76,49,-465,979,228,943,684,34
-3,1,0,-3.0,1.0,0.14548993110656738,451.89231173052946,76,52,-466,979,228,943,684,34
-3,2,0,-3.0,2.0,0.15333795547485352,454.22075506072525,76,55,-468,979,228,943,684,34
-3,1,0,-3.0,1.0,0.16134095191955566,455.5727457228146,76,58,-469,979,228,943,684,34
-1,1,0,-1.0,1.0,0.1694049835205078,456.68871635283864,76,59,-470,979,228,943,684,34
-1,0,0,-1.0,-0.0,0.17737102508544922,456.8143096192853,76,60,-470,979,228,943,684,34
-1,-1,0,-1.0,-1.0,0.20935297012329102,455.9503145151719,76,61,-469,979,228,943,684,34
-1,-4,0,-1.0,-4.0,0.21726489067077637,452.11512446306824,76,62,-465,979,228,943,684,34
-2,-8,0,-2.0,-8.0,0.22524499893188477,444.45964070544676,76,64,-457,979,228,943,684,34
-3,-13,0,-3.0,-13.0,0.23336005210876465,432.02672526253934,76,67,-444,979,228,943,684,34
-6,-16,0,-6.0,-16.0,0.2413349151611328,417.18083790052276,76,73,-428,979,228,943,684,34
-7,-19,0,-7.0,-19.0,0.24924087524414062,399.75052489469044,76,80,-409,979,228,943,684,34
-6,-22,0,-6.0,-22.0,0.2573280334472656,379.44041166359415,76,86,-387,979,228,943,684,34
-6,-23,0,-6.0,-23.0,0.2652249336242676,358.44640096823406,76,92,-364,979,228,943,684,34
-6,-24,0,-6.0,-24.0,0.27326297760009766,336.84177254812636,76,98,-340,979,228,943,684,34
-5,-24,0,-5.0,-24.0,0.28125905990600586,315.3627536292236,76,103,-316,979,228,943,684,34
-4,-21,0,-4.0,-21.0,0.28925490379333496,296.8056723515367,76,107,-295,979,228,943,684,34
0,-20,0,-0.0,-20.0,0.2972249984741211,278.0830391601659,76,107,-275,979,228,943,684,34
0,-19,0,-0.0,-19.0,0.30530786514282227,260.46170906991836,76,107,-256,979,228,943,684,34
1,-20,0,1.0,-20.0,0.31337404251098633,241.7121953059036,76,106,-236,979,228,943,684,34
2,-17,0,2.0,-17.0,0.32137584686279297,225.4396832203837,76,104,-219,979,228,943,684,34
4,-18,0,4.0,-18.0,0.3293929100036621,207.50167037240502,76,100,-201,979,228,943,684,34
5,-17,0,5.0,-17.0,0.3373408317565918,190.07728026029315,76,95,-184,979,228,943,684,34
4,-17,0,4.0,-17.0,0.3452270030975342,173.18412131405714,76,91,-167,979,228,943,684,34
5,-15,0,5.0,-15.0,0.3532218933105469,157.64249196572982,76,86,-152,979,228,943,684,34
4,-15,0,4.0,-15.0,0.36139488220214844,142.66527487215245,76,82,-137,979,228,943,684,34
3,-12,0,3.0,-12.0,0.36932897567749023,130.87156589419075,76,79,-125,979,228,943,684,34
3,-11,0,3.0,-11.0,0.3773369789123535,120.01094846763161,76,76,-114,979,228,943,684,34
3,-12,0,3.0,-12.0,0.38538503646850586,108.4312560727987,76,73,-102,979,228,943,684,34
3,-11,0,3.0,-11.0,0.39325499534606934,97.80853626799707,76,70,-91,979,228,943,684,34
3,-9,0,3.0,-9.0,0.4013209342956543,88.89145385724005,76,67,-82,979,228,943,684,34
2,-6,0,2.0,-6.0,0.40932703018188477,83.00499987500625,76,65,-76,979,228,943,684,34
2,-4,0,2.0,-4.0,0.4172399044036865,78.67131231461184,76,63,-72,979,228,943,684,34
2,-5,0,2.0,-5.0,0.4253199100494385,73.60905032059435,76,61,-67,979,228,943,684,34
3,-6,0,3.0,-6.0,0.4333460330963135,67.17244204607586,76,58,-61,979,228,943,684,34
4,-4,0,4.0,-4.0,0.44141483306884766,61.5175139698144,76,54,-57,979,228,943,684,34
3,-4,0,3.0,-4.0,0.44942283630371094,56.55270219373317,76,51,-53,979,228,943,684,34
3,-3,0,3.0,-3.0,0.45735597610473633,52.31089380465383,76,48,-50,979,228,943,684,34
4,-3,0,4.0,-3.0,0.46541905403137207,47.38167441127949,76,44,-47,979,228,943,684,34
5,-5,0,5.0,-5.0,0.4732229709625244,40.3149195236284,76,39,-42,979,228,943,684,34
5,-4,0,5.0,-4.0,0.4812190532684326,33.99019513592785,76,34,-38,979,228,943,684,34
4,-5,0,4.0,-5.0,0.4892239570617676,27.598206241955516,76,30,-33,979,228,943,684,34
4,-4,0,4.0,-4.0,0.49739885330200195,21.948684188300895,76,26,-29,979,228,943,684,34
4,-3,0,4.0,-3.0,0.5053689479827881,17.058772731852805,76,22,-26,979,228,943,684,34
4,-2,0,4.0,-2.0,0.5132968425750732,13.0,76,18,-24,979,228,943,684,34
5,-2,0,5.0,-2.0,0.5212619304656982,8.553864678361276,76,13,-22,979,228,943,684,34
4,-2,0,4.0,-2.0,0.5293338298797607,4.931712199461309,76,9,-20,979,228,943,684,34
3,-1,0,3.0,-1.0,0.5373978614807129,2.9248588451712756,76,6,-19,979,228,943,684,34
4,-1,0,4.0,-1.0,0.545339822769165,1.1107702762748346,76,2,-18,979,228,943,684,34
3,-1,0,3.0,-1.0,0.5533699989318848,0.029386365926402647,76,-1,-17,979,228,943,684,34
1,-1,0,1.0,-1.0,0.5614609718322754,-0.8754845034029017,76,-2,-16,979,228,943,684,34
1,0,0,1.0,-0.0,0.5693809986114502,-0.7211794039002939,76,-3,-16,979,228,943,684,34
0,0,1,-0.0,-0.0,0.6402559280395508,-0.7211794039002939,76,-3,-16,979,228,943,684,34
0,0,0,-0.0,-0.0,0.07119131088256836,508.99721188868625,77,260,471,1242,715,982,244,59
0,2,0,-0.0,2.0,0.10537028312683105,507.2471445145419,77,260,469,1242,715,982,244,59
-1,5,0,-1.0,5.0,0.11307024955749512,503.36923276988875,77,261,464,1242,715,982,244,59
-2,7,0,-2.0,7.0,0.12114119529724121,498.274122255208,77,263,457,1242,715,982,244,59
-3,6,0,-3.0,6.0,0.12911319732666016,494.6000381970956,77,266,451,1242,715,982,244,59
-2,7,0,-2.0,7.0,0.13726210594177246,489.6135362676142,77,268,444,1242,715,982,244,59
-3,8,0,-3.0,8.0,0.1452312469482422,484.35854916422693,77,271,436,1242,715,982,244,59
-2,5,0,-2.0,5.0,0.15321922302246094,481.1862405043868,77,273,431,1242,715,982,244,59
-2,6,0,-2.0,6.0,0.16115427017211914,477.2114182829147,77,275,425,1242,715,982,244,59
-1,7,0,-1.0,7.0,0.1691732406616211,471.89919145472777,77,276,418,1242,715,982,244,59
-1,8,0,-1.0,8.0,0.17729926109313965,465.80198059425754,77,277,410,1242,715,982,244,59
0,11,0,-0.0,11.0,0.1853961944580078,456.7262603565922,77,277,399,1242,715,982,244,59
3,12,0,3.0,12.0,0.19319629669189453,445.17823653137015,77,274,387,1242,715,982,244,59
5,12,0,5.0,12.0,0.20109820365905762,432.50406282068633,77,269,375,1242,715,982,244,59
6,14,0,6.0,14.0,0.2091522216796875,417.64303420069143,77,263,361,1242,715,982,244,59
6,14,0,6.0,14.0,0.21743226051330566,402.8078276270591,77,257,347,1242,715,982,244,59
7,12,0,7.0,12.0,0.22525310516357422,389.0011961705373,77,250,335,1242,715,982,244,59
8,13,0,8.0,13.0,0.23323917388916016,373.8001986096829,77,242,322,1242,715,982,244,59
6,13,0,6.0,13.0,0.24126720428466797,359.81486597093993,77,236,309,1242,715,982,244,59
7,11,0,7.0,11.0,0.24924612045288086,346.8257574994029,77,229,298,1242,715,982,244,59
7,12,0,7.0,12.0,0.25706911087036133,333.04972034238614,77,222,286,1242,715,982,244,59
6,11,0,6.0,11.0,0.2651021480560303,320.6870029040256,77,216,275,1242,715,982,244,59
7,12,0,7.0,12.0,0.27306318283081055,306.9315406448165,77,209,263,1242,715,982,244,59
6,14,0,6.0,14.0,0.2810943126678467,292.26313202731495,77,203,249,1242,715,982,244,59
7,13,0,7.0,13.0,0.2891552448272705,277.7767918210242,77,196,236,1242,715,982,244,59
8,14,0,8.0,14.0,0.2972142696380615,261.9089204544955,77,188,222,1242,715,982,244,59
7,13,0,7.0,13.0,0.30518317222595215,247.48146411649373,77,181,209,1242,715,982,244,59
7,13,0,7.0,13.0,0.3132171630859375,233.09158704544484,77,174,196,1242,715,982,244,59
7,11,0,7.0,11.0,0.3212122917175293,220.22680433693324,77,167,185,1242,715,982,244,59
8,12,0,8.0,12.0,0.32922911643981934,205.96808293893875,77,159,173,1242,715,982,244,59
7,11,0,7.0,11.0,0.33704328536987305,193.14409737825582,77,152,162,1242,715,982,244,59
6,12,0,6.0,12.0,0.345062255859375,180.32271735289507,77,146,150,1242,715,982,244,59
8,12,0,8.0,12.0,0.3531062602996826,166.16147160748713,77,138,138,1242,715,982,244,59
8,14,0,8.0,14.0,0.3611772060394287,150.655225362359,77,130,124,1242,715,982,244,59
8,14,0,8.0,14.0,0.36919713020324707,135.26807358704855,77,122,110,1242,715,982,244,59
9,15,0,9.0,15.0,0.37720513343811035,118.62791064023091,77,113,95,1242,715,982,244,59
9,14,0,9.0,14.0,0.38506221771240234,102.82184947875675,77,104,81,1242,715,982,244,59
9,11,0,9.0,11.0,0.39313626289367676,89.00423721205946,77,95,70,1242,715,982,244,59
9,10,0,9.0,10.0,0.4011812210083008,75.86181383134664,77,86,60,1242,715,982,244,59
8,8,0,8.0,8.0,0.4091651439666748,64.74433316206373,77,78,52,1242,715,982,244,59
7,5,0,7.0,5.0,0.4171741008758545,56.14693182963201,77,71,47,1242,715,982,244,59
7,5,0,7.0,5.0,0.42516016960144043,47.550636836018555,77,64,42,1242,715,982,244,59
5,4,0,5.0,4.0,0.4331703186035156,41.178344238091,77,59,38,1242,715,982,244,59
4,4,0,4.0,4.0,0.4411792755126953,35.66065264130884,77,55,34,1242,715,982,244,59
4,4,0,4.0,4.0,0.449329137802124,30.169248769948062,77,51,30,1242,715,982,244,59
4,4,0,4.0,4.0,0.45720410346984863,24.712196007983138,77,47,26,1242,715,982,244,59
4,3,0,4.0,3.0,0.4652681350708008,19.764741360946438,77,43,23,1242,715,982,244,59
3,3,0,3.0,3.0,0.4731762409210205,15.721359549995796,77,40,20,1242,715,982,244,59
2,3,0,2.0,3.0,0.4810771942138672,12.629316592997299,77,38,17,1242,715,982,244,59
2,2,0,2.0,2.0,0.48915815353393555,10.0,77,36,15,1242,715,982,244,59
3,2,0,3.0,2.0,0.49718332290649414,6.468295701936398,77,33,13,1242,715,982,244,59
3,2,0,3.0,2.0,0.5051872730255127,2.9530906173409157,77,30,11,1242,715,982,244,59
2,1,0,2.0,1.0,0.5131592750549316,0.732137494637012,77,28,10,1242,715,982,244,59
3,2,0,3.0,2.0,0.5212321281433105,-2.751190503186624,77,25,8,1242,715,982,244,59
2,1,0,2.0,1.0,0.5293502807617188,-4.958369439657385,77,23,7,1242,715,982,244,59
2,1,0,2.0,1.0,0.5370562076568604,-7.159670332158445,77,21,6,1242,715,982,244,59
2,2,0,2.0,2.0,0.5451641082763672,-9.5835121610524,77,19,4,1242,715,982,244,59
2,0,0,2.0,-0.0,0.5532243251800537,-11.535750803427021,77,17,4,1242,715,982,244,59
2,1,0,2.0,1.0,0.5610551834106445,-13.702941459221645,77,15,3,1242,715,982,244,59
2,1,0,2.0,1.0,0.5692691802978516,-15.847053562034095,77,13,2,1242,715,982,244,59
2,1,0,2.0,1.0,0.5771732330322266,-17.95463898281274,77,11,1,1242,715,982,244,59
0,0,1,-0.0,-0.0,0.5813632011413574,-17.95463898281274,77,11,1,1242,715,982,244,59
1,0,1,1.0,-0.0,0.5851092338562012,-18.95012437887911,77,10,1,1242,715,982,244,59
0,1,1,-0.0,1.0,0.5931491851806641,-19.0,77,10,0,1242,715,982,244,59
0,0,0,-0.0,-0.0,0.684124231338501,-19.0,77,10,0,1242,715,982,244,59
-1,0,0,-1.0,-0.0,0.713057279586792,-18.0,77,11,0,1242,715,982,244,59
-1,0,0,-1.0,-0.0,0.7211811542510986,-17.0,77,12,0,1242,715,982,244,59
-2,0,0,-2.0,-0.0,0.7290902137756348,-15.0,77,14,0,1242,715,982,244,59
-1,-1,0,-1.0,-1.0,0.7371761798858643,-13.966703621627092,77,15,1,1242,715,982,244,59
-2,-2,0,-2.0,-2.0,0.7451813220977783,-11.737323498367932,77,17,3,1242,715,982,244,59
-1,-3,0,-1.0,-3.0,0.7534213066101074,-10.026334038989724,77,18,6,1242,715,982,244,59
0,-2,0,-0.0,-2.0,0.7610843181610107,-9.302284396407792,77,18,8,1242,715,982,244,59
-1,-3,0,-1.0,-3.0,0.7690882682800293,-7.0455015998998505,77,19,11,1242,715,982,244,59
-2,-2,0,-2.0,-2.0,0.777158260345459,-4.301821929543063,77,21,13,1242,715,982,244,59
-1,-2,0,-1.0,-2.0,0.7852451801300049,-2.372946088611304,77,22,15,1242,715,982,244,59
0,-1,0,-0.0,-1.0,0.8013191223144531,-1.7970589825291121,77,22,16,1242,715,982,244,59
1,0,0,1.0,-0.0,0.8892812728881836,-2.5992424351118295,77,21,16,1242,715,982,244,59
0,0,1,-0.0,-0.0,0.9040842056274414,-2.5992424351118295,77,21,16,1242,715,982,244,59
0,0,0,-0.0,-0.0,0.07444477081298828,539.4029594366475,78,-525,155,696,854,1221,699,17
0,0,1,-0.0,-0.0,0.15659379959106445,539.4029594366475,78,-525,155,696,854,1221,699,17
0,1,1,-0.0,1.0,0.19660282135009766,539.1206448307356,78,-525,154,696,854,1221,699,17
0,0,0,-0.0,-0.0,0.19976186752319336,539.1206448307356,78,-525,154,696,854,1221,699,17
-5,0,0,-5.0,-0.0,0.22044587135314941,534.3246260313098,78,-520,154,696,854,1221,699,17
-8,0,0,-8.0,-0.0,0.2285928726196289,526.658769683992,78,-512,154,696,854,1221,699,17
-9,1,0,-9.0,1.0,0.23660969734191895,517.754695651879,78,-503,153,696,854,1221,699,17
-8,1,0,-8.0,1.0,0.2445816993713379,509.81174185219095,78,-495,152,696,854,1221,699,17
-8,1,0,-8.0,1.0,0.25255370140075684,501.87253309037936,78,-487,151,696,854,1221,699,17
-10,2,0,-10.0,2.0,0.2604398727416992,491.7299270606074,78,-477,149,696,854,1221,699,17
-13,2,0,-13.0,2.0,0.2684319019317627,478.72887730234373,78,-464,147,696,854,1221,699,17
-12,1,0,-12.0,1.0,0.27646684646606445,466.99473681294614,78,-452,146,696,854,1221,699,17
-12,2,0,-12.0,2.0,0.28459787368774414,454.9643614793692,78,-440,144,696,854,1221,699,17
-13,2,0,-13.0,2.0,0.2925577163696289,441.9922221550057,78,-427,142,696,854,1221,699,17
-16,3,0,-16.0,3.0,0.3005197048187256,425.8686437160446,78,-411,139,696,854,1221,699,17
-18,4,0,-18.0,4.0,0.30856990814208984,407.5406117336788,78,-393,135,696,854,1221,699,17
-19,5,0,-19.0,5.0,0.3165578842163086,387.9494917284274,78,-374,130,696,854,1221,699,17
-25,7,0,-25.0,7.0,0.32457590103149414,362.04053831979,78,-349,123,696,854,1221,699,17
-26,6,0,-26.0,6.0,0.33240675926208496,335.5374797602148,78,-323,117,696,854,1221,699,17
-27,7,0,-27.0,7.0,0.34042978286743164,307.77840331472953,78,-296,110,696,854,1221,699,17
-27,7,0,-27.0,7.0,0.3484628200531006,280.0451353520833,78,-269,103,696,854,1221,699,17
-27,7,0,-27.0,7.0,0.356569766998291,252.34592372457075,78,-242,96,696,854,1221,699,17
-24,6,0,-24.0,6.0,0.36476874351501465,227.84740829612693,78,-218,90,696,854,1221,699,17
-21,6,0,-21.0,6.0,0.3725728988647461,206.1611542740653,78,-197,84,696,854,1221,699,17
-19,5,0,-19.0,5.0,0.3805227279663086,186.74342094150447,78,-178,79,696,854,1221,699,17
-16,6,0,-16.0,6.0,0.38848876953125,169.6879286839711,78,-162,73,696,854,1221,699,17
-14,3,0,-14.0,3.0,0.39663076400756836,155.7192719260625,78,-148,70,696,854,1221,699,17
-11,4,0,-11.0,4.0,0.4046638011932373,144.0690632574555,78,-137,66,696,854,1221,699,17
-11,3,0,-11.0,3.0,0.4125537872314453,132.87228258248675,78,-126,63,696,854,1221,699,17
-9,2,0,-9.0,2.0,0.42056775093078613,123.94695904036593,78,-117,61,696,854,1221,699,17
-8,3,0,-8.0,3.0,0.42855191230773926,115.47064428438041,78,-109,58,696,854,1221,699,17
-7,1,0,-7.0,1.0,0.4366297721862793,108.84605256490268,78,-102,57,696,854,1221,699,17
-7,2,0,-7.0,2.0,0.4446077346801758,101.77249200050075,78,-95,55,696,854,1221,699,17
-8,1,0,-8.0,1.0,0.45255589485168457,94.39628899525607,78,-87,54,696,854,1221,699,17
-8,2,0,-8.0,2.0,0.46067285537719727,86.57801012920498,78,-79,52,696,854,1221,699,17
-7,1,0,-7.0,1.0,0.4685506820678711,80.23264701911646,78,-72,51,696,854,1221,699,17
-7,1,0,-7.0,1.0,0.47679877281188965,74.00609733428362,78,-65,50,696,854,1221,699,17
-6,1,0,-6.0,1.0,0.4845428466796875,68.69419795525604,78,-59,49,696,854,1221,699,17
-6,2,0,-6.0,2.0,0.49256086349487305,62.837842993699354,78,-53,47,696,854,1221,699,17
-5,1,0,-5.0,1.0,0.500532865524292,58.483080554378645,78,-48,46,696,854,1221,699,17
-5,2,0,-5.0,2.0,0.50858473777771,53.5223536610881,78,-43,44,696,854,1221,699,17
-4,1,0,-4.0,1.0,0.5165588855743408,50.05170109479997,78,-39,43,696,854,1221,699,17
-4,1,0,-4.0,1.0,0.5245397090911865,46.67174773134658,78,-35,42,696,854,1221,699,17
-2,1,0,-2.0,1.0,0.5325837135314941,44.630789467763066,78,-33,41,696,854,1221,699,17
-2,2,0,-2.0,2.0,0.6045577526092529,41.8196748283246,78,-31,39,696,854,1221,699,17
-2,2,0,-2.0,2.0,0.612656831741333,39.01063709417264,78,-29,37,696,854,1221,699,17
-2,3,0,-2.0,3.0,0.6205997467041016,35.41658669218482,78,-27,34,696,854,1221,699,17
-2,3,0,-2.0,3.0,0.6284928321838379,31.824615503479755,78,-25,31,696,854,1221,699,17
-2,4,0,-2.0,4.0,0.6364467144012451,27.4682957019364,78,-23,27,696,854,1221,699,17
-2,3,0,-2.0,3.0,0.6444807052612305,23.89043743820395,78,-21,24,696,854,1221,699,17
-3,3,0,-3.0,3.0,0.6524968147277832,19.65863337187866,78,-18,21,696,854,1221,699,17
-2,2,0,-2.0,2.0,0.660496711730957,16.839484696748443,78,-16,19,696,854,1221,699,17
-2,2,0,-2.0,2.0,0.6685967445373535,14.022715545545239,78,-14,17,696,854,1221,699,17
-2,2,0,-2.0,2.0,0.6765577793121338,11.209372712298546,78,-12,15,696,854,1221,699,17
-1,3,0,-1.0,3.0,0.6845698356628418,8.278820596099706,78,-11,12,696,854,1221,699,17
-2,2,0,-2.0,2.0,0.6927337646484375,5.45362404707371,78,-9,10,696,854,1221,699,17
-2,2,0,-2.0,2.0,0.7004067897796631,2.63014581273465,78,-7,8,696,854,1221,699,17
-2,2,0,-2.0,2.0,0.7085268497467041,-0.18975032409334602,78,-5,6,696,854,1221,699,17
-2,1,0,-2.0,1.0,0.7165608406066895,-2.1690481051546993,78,-3,5,696,854,1221,699,17
0,2,0,-0.0,2.0,0.7245097160339355,-3.7573593128807152,78,-3,3,696,854,1221,699,17
-2,0,0,-2.0,-0.0,0.7325918674468994,-4.83772233983162,78,-1,3,696,854,1221,699,17
0,1,0,-0.0,1.0,0.7405517101287842,-5.76393202250021,78,-1,2,696,854,1221,699,17
-1,0,0,-1.0,-0.0,0.748560905456543,-6.0,78,0,2,696,854,1221,699,17
-1,0,0,-1.0,-0.0,0.7726888656616211,-5.76393202250021,78,1,2,696,854,1221,699,17
0,0,1,-0.0,-0.0,0.7777419090270996,-5.76393202250021,78,1,2,696,854,1221,699,17
0,0,0,-0.0,-0.0,0.07610583305358887,704.7206358314905,79,696,202,1391,1054,695,852,41
2,-1,0,2.0,-1.0,0.16401290893554688,703.0802168501085,79,694,203,1391,1054,695,852,41
2,-2,0,2.0,-2.0,0.17201972007751465,701.726402454559,79,692,205,1391,1054,695,852,41
4,-2,0,4.0,-2.0,0.1801607608795166,698.465726392011,79,688,207,1391,1054,695,852,41
4,-2,0,4.0,-2.0,0.18806886672973633,695.2181485393111,79,684,209,1391,1054,695,852,41
4,-2,0,4.0,-2.0,0.19605374336242676,691.9838481314025,79,680,211,1391,1054,695,852,41
5,-2,0,5.0,-2.0,0.20403671264648438,687.8092963503658,79,675,213,1391,1054,695,852,41
7,-1,0,7.0,-1.0,0.21195673942565918,681.4413731738384,79,668,214,1391,1054,695,852,41
8,-1,0,8.0,-1.0,0.2199087142944336,674.1361537911708,79,660,215,1391,1054,695,852,41
7,0,0,7.0,-0.0,0.22802376747131348,667.4838179913764,79,653,215,1391,1054,695,852,41
9,0,0,9.0,-0.0,0.23590683937072754,658.9410872822472,79,644,215,1391,1054,695,852,41
10,0,0,10.0,-0.0,0.2440638542175293,649.463217809612,79,634,215,1391,1054,695,852,41
12,2,0,12.0,2.0,0.25199174880981445,637.4595044563581,79,622,213,1391,1054,695,852,41
12,1,0,12.0,1.0,0.260037899017334,625.7894393685917,79,610,212,1391,1054,695,852,41
18,3,0,18.0,3.0,0.2679738998413086,607.8096845382365,79,592,209,1391,1054,695,852,41
21,4,0,21.0,4.0,0.2760317325592041,586.6844319743172,79,571,205,1391,1054,695,852,41
24,4,0,24.0,4.0,0.28428173065185547,562.7606712879654,79,547,201,1391,1054,695,852,41
22,5,0,22.0,5.0,0.2919597625732422,540.3936116695122,79,525,196,1391,1054,695,852,41
24,6,0,24.0,6.0,0.300095796585083,515.8180661381249,79,501,190,1391,1054,695,852,41
24,7,0,24.0,7.0,0.3078947067260742,490.89920728065334,79,477,183,1391,1054,695,852,41
28,8,0,28.0,8.0,0.31612682342529297,461.89832952605263,79,449,175,1391,1054,695,852,41
27,8,0,27.0,8.0,0.3240017890930176,433.84248368789804,79,422,167,1391,1054,695,852,41
29,8,0,29.0,8.0,0.33203768730163574,403.94575124654807,79,393,159,1391,1054,695,852,41
27,10,0,27.0,10.0,0.3400228023529053,375.16705328253266,79,366,149,1391,1054,695,852,41
25,9,0,25.0,9.0,0.3480377197265625,348.62040095469484,79,341,140,1391,1054,695,852,41
23,8,0,23.0,8.0,0.3560347557067871,324.30800164968576,79,318,132,1391,1054,695,852,41
20,7,0,20.0,7.0,0.36399078369140625,303.154761685481,79,298,125,1391,1054,695,852,41
17,7,0,17.0,7.0,0.3719449043273926,284.77040538739976,79,281,118,1391,1054,695,852,41
15,7,0,15.0,7.0,0.37994980812072754,268.2308102892541,79,266,111,1391,1054,695,852,41
14,7,0,14.0,7.0,0.3879067897796631,252.6169473822198,79,252,104,1391,1054,695,852,41
13,5,0,13.0,5.0,0.39609289169311523,238.69286808878206,79,239,99,1391,1054,695,852,41
12,5,0,12.0,5.0,0.40407276153564453,225.69289774024807,79,227,94,1391,1054,695,852,41
10,3,0,10.0,3.0,0.41205286979675293,215.30830839560255,79,217,91,1391,1054,695,852,41
12,4,0,12.0,4.0,0.42003488540649414,202.69710370815332,79,205,87,1391,1054,695,852,41
11,3,0,11.0,3.0,0.4280529022216797,191.40482492128697,79,194,84,1391,1054,695,852,41
13,3,0,13.0,3.0,0.43604087829589844,178.29775591266787,79,181,81,1391,1054,695,852,41
14,4,0,14.0,4.0,0.4439067840576172,163.89671013914307,79,167,77,1391,1054,695,852,41
12,3,0,12.0,3.0,0.4520437717437744,151.75855146105536,79,155,74,1391,1054,695,852,41
12,4,0,12.0,4.0,0.4599766731262207,139.21369287847074,79,143,70,1391,1054,695,852,41
10,3,0,10.0,3.0,0.4679427146911621,128.92279879185725,79,133,67,1391,1054,695,852,41
11,3,0,11.0,3.0,0.47604990005493164,117.7679207943562,79,122,64,1391,1054,695,852,41
10,4,0,10.0,4.0,0.48404383659362793,107.05904139414872,79,112,60,1391,1054,695,852,41
10,3,0,10.0,3.0,0.49217677116394043,96.84605256490268,79,102,57,1391,1054,695,852,41
8,4,0,8.0,4.0,0.5000157356262207,87.91200118615167,79,94,53,1391,1054,695,852,41
7,2,0,7.0,2.0,0.5081408023834229,80.84641788382967,79,87,51,1391,1054,695,852,41
4,2,0,4.0,2.0,0.5161547660827637,76.38464608017192,79,83,49,1391,1054,695,852,41
3,2,0,3.0,2.0,0.5240418910980225,72.78469701410896,79,80,47,1391,1054,695,852,41
3,1,0,3.0,1.0,0.5319478511810303,69.69392398596462,79,77,46,1391,1054,695,852,41
1,1,0,1.0,1.0,0.5400078296661377,68.32326986700618,79,76,45,1391,1054,695,852,41
1,1,0,1.0,1.0,0.5479617118835449,66.95401083331349,79,75,44,1391,1054,695,852,41
1,2,0,1.0,2.0,0.5560758113861084,65.0881895447306,79,74,42,1391,1054,695,852,41
1,1,0,1.0,1.0,0.5640037059783936,63.72574275573791,79,73,41,1391,1054,695,852,41
2,1,0,2.0,1.0,0.5720007419586182,61.492330927517344,79,71,40,1391,1054,695,852,41
2,2,0,2.0,2.0,0.5800507068634033,58.77182237323191,79,69,38,1391,1054,695,852,41
3,3,0,3.0,3.0,0.5881588459014893,54.70609078247904,79,66,35,1391,1054,695,852,41
2,2,0,2.0,2.0,0.595930814743042,52.00694410957877,79,64,33,1391,1054,695,852,41
4,2,0,4.0,2.0,0.6041488647460938,47.53517601961218,79,60,31,1391,1054,695,852,41
4,2,0,4.0,2.0,0.6120936870574951,43.06346010171025,79,56,29,1391,1054,695,852,41
4,3,0,4.0,3.0,0.6201047897338867,38.137767414994535,79,52,26,1391,1054,695,852,41
3,1,0,3.0,1.0,0.6279778480529785,35.00909015790027,79,49,25,1391,1054,695,852,41
3,2,0,3.0,2.0,0.6359877586364746,31.429563482495162,79,46,23,1391,1054,695,852,41
2,1,0,2.0,1.0,0.644000768661499,29.193495504995376,79,44,22,1391,1054,695,852,41
3,1,0,3.0,1.0,0.652000904083252,26.065171225124082,79,41,21,1391,1054,695,852,41
3,2,0,3.0,2.0,0.6599647998809814,22.485291572496003,79,38,19,1391,1054,695,852,41
3,1,0,3.0,1.0,0.6680378913879395,19.357337308308857,79,35,18,1391,1054,695,852,41
3,1,0,3.0,1.0,0.6759936809539795,16.235341863986875,79,32,17,1391,1054,695,852,41
2,1,0,2.0,1.0,0.683966875076294,14.0,79,30,16,1391,1054,695,852,41
3,1,0,3.0,1.0,0.6920387744903564,10.886890422961002,79,27,15,1391,1054,695,852,41
1,0,0,1.0,-0.0,0.700049877166748,10.016662039607269,79,26,15,1391,1054,695,852,41
1,0,0,1.0,-0.0,0.7160677909851074,9.154759474226502,79,25,15,1391,1054,695,852,41
1,0,0,1.0,-0.0,0.740074872970581,8.301943396169811,79,24,15,1391,1054,695,852,41
1,0,0,1.0,-0.0,0.7481038570404053,7.459060435491963,79,23,15,1391,1054,695,852,41
2,0,0,2.0,-0.0,0.7561218738555908,5.80697580112788,79,21,15,1391,1054,695,852,41
1,0,0,1.0,-0.0,0.7640516757965088,5.0,79,20,15,1391,1054,695,852,41
1,0,0,1.0,-0.0,0.7720327377319336,4.207436873820409,79,19,15,1391,1054,695,852,41
1,1,0,1.0,1.0,0.7800278663635254,2.8035085019827584,79,18,14,1391,1054,695,852,41
1,0,0,1.0,-0.0,0.788031816482544,2.022715545545239,79,17,14,1391,1054,695,852,41
0,0,1,-0.0,-0.0,0.7939138412475586,2.022715545545239,79,17,14,1391,1054,695,852,41
1,0,1,1.0,-0.0,0.037232160568237305,1219.2036722203795,80,-974,-779,401,261,1374,1040,57
0,0,0,-0.0,-0.0,0.08513617515563965,1219.2036722203795,80,-974,-779,401,261,1374,1040,57
-2,0,0,-2.0,-0.0,0.15720105171203613,1217.6424045447393,80,-972,-779,401,261,1374,1040,57
-2,0,0,-2.0,-0.0,0.16528105735778809,1216.082392769868,80,-970,-779,401,261,1374,1040,57
-4,0,0,-4.0,-0.0,0.17319321632385254,1212.966155864051,80,-966,-779,401,261,1374,1040,57
-4,-2,0,-4.0,-2.0,0.18127918243408203,1208.597347563062,80,-962,-777,401,261,1374,1040,57
-5,-4,0,-5.0,-4.0,0.18933320045471191,1202.19429359756,80,-957,-773,401,261,1374,1040,57
-6,-5,0,-6.0,-5.0,0.19737815856933594,1194.3849639127602,80,-951,-768,401,261,1374,1040,57
-10,-8,0,-10.0,-8.0,0.20525527000427246,1181.5788523283632,80,-941,-760,401,261,1374,1040,57
-12,-10,0,-12.0,-10.0,0.2132420539855957,1165.9602170926803,80,-929,-750,401,261,1374,1040,57
-17,-13,0,-17.0,-13.0,0.2212841510772705,1144.566842444387,80,-912,-737,401,261,1374,1040,57
-23,-18,0,-23.0,-18.0,0.22910714149475098,1115.3643338848733,80,-889,-719,401,261,1374,1040,57
-27,-24,0,-27.0,-24.0,0.237166166305542,1079.2800007224912,80,-862,-695,401,261,1374,1040,57
-28,-23,0,-28.0,-23.0,0.24519610404968262,1043.0462174901697,80,-834,-672,401,261,1374,1040,57
-29,-23,0,-29.0,-23.0,0.25328922271728516,1006.0338485755676,80,-805,-649,401,261,1374,1040,57
-31,-20,0,-31.0,-20.0,0.26114320755004883,969.3550019927709,80,-774,-629,401,261,1374,1040,57
-31,-19,0,-31.0,-19.0,0.269254207611084,933.3266874481328,80,-743,-610,401,261,1374,1040,57
-33,-20,0,-33.0,-20.0,0.2773091793060303,895.1467922275417,80,-710,-590,401,261,1374,1040,57
-34,-19,0,-34.0,-19.0,0.28536415100097656,856.8824780726535,80,-676,-571,401,261,1374,1040,57
-32,-17,0,-32.0,-17.0,0.2931652069091797,821.501030017033,80,-644,-554,401,261,1374,1040,57
-28,-17,0,-28.0,-17.0,0.30126023292541504,789.2056044839634,80,-616,-537,401,261,1374,1040,57
-23,-16,0,-23.0,-16.0,0.30921006202697754,761.3605006586027,80,-593,-521,401,261,1374,1040,57
-19,-16,0,-19.0,-16.0,0.31723523139953613,736.5266509416136,80,-574,-505,401,261,1374,1040,57
-16,-16,0,-16.0,-16.0,0.325228214263916,713.946763588871,80,-558,-489,401,261,1374,1040,57
-14,-15,0,-14.0,-15.0,0.33324718475341797,693.5344759607818,80,-544,-474,401,261,1374,1040,57
-13,-15,0,-13.0,-15.0,0.3412630558013916,673.8846059004286,80,-531,-459,401,261,1374,1040,57
-11,-15,0,-11.0,-15.0,0.3492722511291504,655.7660418593482,80,-520,-444,401,261,1374,1040,57
-11,-15,0,-11.0,-15.0,0.35724925994873047,637.674094433605,80,-509,-429,401,261,1374,1040,57
-8,-14,0,-8.0,-14.0,0.3652522563934326,622.5582218372157,80,-501,-415,401,261,1374,1040,57
-10,-13,0,-10.0,-13.0,0.3732321262359619,606.5746606980143,80,-491,-402,401,261,1374,1040,57
-7,-12,0,-7.0,-12.0,0.38114404678344727,593.575417789346,80,-484,-390,401,261,1374,1040,57
-9,-11,0,-9.0,-11.0,0.38912320137023926,579.6726092230914,80,-475,-379,401,261,1374,1040,57
-7,-10,0,-7.0,-10.0,0.3972301483154297,567.9739927211589,80,-468,-369,401,261,1374,1040,57
-9,-11,0,-9.0,-11.0,0.40526509284973145,554.1039426081909,80,-459,-358,401,261,1374,1040,57
-10,-12,0,-10.0,-12.0,0.4132711887359619,538.8483042225671,80,-449,-346,401,261,1374,1040,57
-10,-13,0,-10.0,-13.0,0.4212641716003418,523.0081669086221,80,-439,-333,401,261,1374,1040,57
-13,-13,0,-13.0,-13.0,0.42931222915649414,504.80015015012896,80,-426,-320,401,261,1374,1040,57
-14,-13,0,-14.0,-13.0,0.437359094619751,485.80249123568876,80,-412,-307,401,261,1374,1040,57
-15,-13,0,-15.0,-13.0,0.44510722160339355,466.009109227755,80,-397,-294,401,261,1374,1040,57
-14,-13,0,-14.0,-13.0,0.45328807830810547,447.02631506054485,80,-383,-281,401,261,1374,1040,57
-15,-11,0,-15.0,-11.0,0.46123504638671875,428.4252403187186,80,-368,-270,401,261,1374,1040,57
-16,-13,0,-16.0,-13.0,0.4691941738128662,407.83597832212064,80,-352,-257,401,261,1374,1040,57
-14,-11,0,-14.0,-11.0,0.47727322578430176,390.04305998305966,80,-338,-246,401,261,1374,1040,57
-14,-12,0,-14.0,-12.0,0.4853191375732422,371.6648596011413,80,-324,-234,401,261,1374,1040,57
-13,-12,0,-13.0,-12.0,0.493239164352417,354.1060062338722,80,-311,-222,401,261,1374,1040,57
-13,-11,0,-13.0,-11.0,0.5013072490692139,337.1369606051954,80,-298,-211,401,261,1374,1040,57
-11,-10,0,-11.0,-10.0,0.5093412399291992,322.3855019831728,80,-287,-201,401,261,1374,1040,57
-11,-10,0,-11.0,-10.0,0.5171792507171631,307.6441568089634,80,-276,-191,401,261,1374,1040,57
-11,-9,0,-11.0,-9.0,0.5252881050109863,293.4793928076884,80,-265,-182,401,261,1374,1040,57
-10,-7,0,-10.0,-7.0,0.5331392288208008,281.2733418838423,80,-255,-175,401,261,1374,1040,57
-9,-6,0,-9.0,-6.0,0.5412991046905518,270.45770219580527,80,-246,-169,401,261,1374,1040,57
-10,-6,0,-10.0,-6.0,0.5492441654205322,258.81875810344064,80,-236,-163,401,261,1374,1040,57
-11,-7,0,-11.0,-7.0,0.557293176651001,245.79006556118867,80,-225,-156,401,261,1374,1040,57
-13,-7,0,-13.0,-7.0,0.5653040409088135,231.12352266824405,80,-212,-149,401,261,1374,1040,57
-14,-6,0,-14.0,-6.0,0.5732541084289551,216.2396364229197,80,-198,-143,401,261,1374,1040,57
-15,-7,0,-15.0,-7.0,0.5814850330352783,200.0021929719098,80,-183,-136,401,261,1374,1040,57
-16,-7,0,-16.0,-7.0,0.5893480777740479,183.0213259365034,80,-167,-129,401,261,1374,1040,57
-14,-7,0,-14.0,-7.0,0.5971581935882568,167.68597292601225,80,-153,-122,401,261,1374,1040,57
-12,-6,0,-12.0,-6.0,0.6053340435028076,154.58422713914803,80,-141,-116,401,261,1374,1040,57
-8,-6,0,-8.0,-6.0,0.6132402420043945,144.59490143106777,80,-133,-110,401,261,1374,1040,57
-7,-5,0,-7.0,-5.0,0.6215090751647949,136.01524319403975,80,-126,-105,401,261,1374,1040,57
-6,-5,0,-6.0,-5.0,0.629249095916748,128.20499351813308,80,-120,-100,401,261,1374,1040,57
-5,-5,0,-5.0,-5.0,0.6372542381286621,121.16433890176299,80,-115,-95,401,261,1374,1040,57
-6,-5,0,-6.0,-5.0,0.6452560424804688,113.35416513141735,80,-109,-90,401,261,1374,1040,57
-5,-5,0,-5.0,-5.0,0.6533751487731934,106.31678971744373,80,-104,-85,401,261,1374,1040,57
-6,-4,0,-6.0,-4.0,0.6613271236419678,99.1416532848303,80,-98,-81,401,261,1374,1040,57
-4,-4,0,-4.0,-4.0,0.6691112518310547,93.51131634543344,80,-94,-77,401,261,1374,1040,57
-6,-4,0,-6.0,-4.0,0.6772441864013672,86.33722053644648,80,-88,-73,401,261,1374,1040,57
-6,-5,0,-6.0,-5.0,0.6852571964263916,78.5269918846862,80,-82,-68,401,261,1374,1040,57
-6,-4,0,-6.0,-4.0,0.693209171295166,71.35793878699377,80,-76,-64,401,261,1374,1040,57
-6,-4,0,-6.0,-4.0,0.7013542652130127,64.19544457292888,80,-70,-60,401,261,1374,1040,57
-4,-3,0,-4.0,-3.0,0.7091171741485596,59.20665112249179,80,-66,-57,401,261,1374,1040,57
-4,-3,0,-4.0,-3.0,0.717177152633667,54.21921916437786,80,-62,-54,401,261,1374,1040,57
-4,-3,0,-4.0,-3.0,0.7251601219177246,49.23341245859851,80,-58,-51,401,261,1374,1040,57
-5,-3,0,-5.0,-3.0,0.7333111763000488,43.50524456289902,80,-53,-48,401,261,1374,1040,57
-4,-4,0,-4.0,-4.0,0.7413320541381836,37.85590330410783,80,-49,-44,401,261,1374,1040,57
-4,-3,0,-4.0,-3.0,0.7493631839752197,32.876925020897694,80,-45,-41,401,261,1374,1040,57
-4,-3,0,-4.0,-3.0,0.7573182582855225,27.90169943749474,80,-41,-38,401,261,1374,1040,57
-3,-3,0,-3.0,-3.0,0.7652630805969238,23.662365412357957,80,-38,-35,401,261,1374,1040,57
-3,-2,0,-3.0,-2.0,0.7732682228088379,20.104053883222775,80,-35,-33,401,261,1374,1040,57
-2,-2,0,-2.0,-2.0,0.7811312675476074,17.276925690687087,80,-33,-31,401,261,1374,1040,57
-1,-1,0,-1.0,-1.0,0.7892422676086426,15.863424398922618,80,-32,-30,401,261,1374,1040,57
-1,-1,0,-1.0,-1.0,0.7971851825714111,14.449970553582247,80,-31,-29,401,261,1374,1040,57
0,-1,0,-0.0,-1.0,0.8053350448608398,13.773197148410844,80,-31,-28,401,261,1374,1040,57
-1,0,0,-1.0,-0.0,0.8133671283721924,13.036569057366385,80,-30,-28,401,261,1374,1040,57
0,0,1,-0.0,-0.0,0.8291971683502197,13.036569057366385,80,-30,-28,401,261,1374,1040,57
-1,0,1,-1.0,-0.0,0.0013327598571777344,1551.5121265187754,81,1351,773,1781,1062,431,289,11
-2,0,1,-2.0,-0.0,0.017325639724731445,1553.2483755807352,81,1353,773,1781,1062,431,289,11
-1,0,1,-1.0,-0.0,0.025609731674194336,1554.1167371303536,81,1354,773,1781,1062,431,289,11
-1,0,1,-1.0,-0.0,0.03342175483703613,1554.9852563405848,81,1355,773,1781,1062,431,289,11
-1,0,1,-1.0,-0.0,0.041365623474121094,1555.8539329482435,81,1356,773,1781,1062,431,289,11
-1,0,1,-1.0,-0.0,0.049289703369140625,1556.7227666906824,81,1357,773,1781,1062,431,289,11
0,0,0,-0.0,-0.0,0.05641961097717285,1556.7227666906824,81,1357,773,1781,1062,431,289,11
0,-1,0,-0.0,-1.0,0.06320357322692871,1557.2179745477263,81,1357,774,1781,1062,431,289,11
-1,0,0,-1.0,-0.0,0.06533575057983398,1558.0866898544048,81,1358,774,1781,1062,431,289,11
-1,0,0,-1.0,-0.0,0.07954668998718262,1558.955562028538,81,1359,774,1781,1062,431,289,11
1,1,0,1.0,1.0,0.15332674980163574,1557.591757305791,81,1358,773,1781,1062,431,289,11
4,5,0,4.0,5.0,0.16134357452392578,1551.6438256711135,81,1354,768,1781,1062,431,289,11
5,6,0,5.0,6.0,0.16930556297302246,1544.3369549584752,81,1349,762,1781,1062,431,289,11
5,7,0,5.0,7.0,0.17725777626037598,1536.5450042084403,81,1344,755,1781,1062,431,289,11
7,8,0,7.0,8.0,0.18529367446899414,1526.5279951734476,81,1337,747,1781,1062,431,289,11
7,10,0,7.0,10.0,0.19330263137817383,1515.5489140438724,81,1330,737,1781,1062,431,289,11
9,13,0,9.0,13.0,0.2012956142425537,1501.3920472440102,81,1321,724,1781,1062,431,289,11
13,13,0,13.0,13.0,0.20925378799438477,1483.7528337504516,81,1308,711,1781,1062,431,289,11
14,16,0,14.0,16.0,0.217329740524292,1463.8298063424502,81,1294,695,1781,1062,431,289,11
14,16,0,14.0,16.0,0.22537660598754883,1443.9447884581386,81,1280,679,1781,1062,431,289,11
18,19,0,18.0,19.0,0.23330068588256836,1419.1643163624062,81,1262,660,1781,1062,431,289,11
20,18,0,20.0,18.0,0.2413647174835205,1393.1158750261009,81,1242,642,1781,1062,431,289,11
22,18,0,22.0,18.0,0.24940156936645508,1365.3196707338036,81,1220,624,1781,1062,431,289,11
25,16,0,25.0,16.0,0.2573866844177246,1335.7792510327715,81,1195,608,1781,1062,431,289,11
25,14,0,25.0,14.0,0.26540160179138184,1307.1493817397468,81,1170,594,1781,1062,431,289,11
26,13,0,26.0,13.0,0.27345967292785645,1278.081057455062,81,1144,581,1781,1062,431,289,11
28,11,0,28.0,11.0,0.2813875675201416,1248.1384600274623,81,1116,570,1781,1062,431,289,11
27,9,0,27.0,9.0,0.2984907627105713,1220.0069387558585,81,1089,561,1781,1062,431,289,11
28,9,0,28.0,9.0,0.29852962493896484,1191.0037625358877,81,1061,552,1781,1062,431,289,11
28,8,0,28.0,8.0,0.3053767681121826,1162.4866166256468,81,1033,544,1781,1062,431,289,11
30,9,0,30.0,9.0,0.31335878372192383,1131.764707404307,81,1003,535,1781,1062,431,289,11
31,10,0,31.0,10.0,0.321300745010376,1099.7212318046577,81,972,525,1781,1062,431,289,11
32,11,0,32.0,11.0,0.3293147087097168,1066.3524163411403,81,940,514,1781,1062,431,289,11
33,13,0,33.0,13.0,0.3374006748199463,1031.1708353355639,81,907,501,1781,1062,431,289,11
36,14,0,36.0,14.0,0.34543371200561523,992.9028008779212,81,871,487,1781,1062,431,289,11
35,16,0,35.0,16.0,0.35367870330810547,954.5504155592868,81,836,471,1781,1062,431,289,11
36,15,0,36.0,15.0,0.36126160621643066,915.834404222605,81,800,456,1781,1062,431,289,11
35,16,0,35.0,16.0,0.3692946434020996,877.5106231655232,81,765,440,1781,1062,431,289,11
35,17,0,35.0,17.0,0.37731266021728516,838.6995910867802,81,730,423,1781,1062,431,289,11
34,18,0,34.0,18.0,0.3852696418762207,800.2583436388597,81,696,405,1781,1062,431,289,11
35,19,0,35.0,19.0,0.3933095932006836,760.4521539586913,81,661,386,1781,1062,431,289,11
35,20,0,35.0,20.0,0.4012436866760254,720.1427445682677,81,626,366,1781,1062,431,289,11
35,21,0,35.0,21.0,0.40929675102233887,679.3288683082134,81,591,345,1781,1062,431,289,11
34,22,0,34.0,22.0,0.4173297882080078,638.8773175069922,81,557,323,1781,1062,431,289,11
33,22,0,33.0,22.0,0.42526960372924805,599.2987671673673,81,524,301,1781,1062,431,289,11
33,23,0,33.0,23.0,0.43338871002197266,559.2384247815811,81,491,278,1781,1062,431,289,11
33,24,0,33.0,24.0,0.44138169288635254,518.7174810907118,81,458,254,1781,1062,431,289,11
30,21,0,30.0,21.0,0.4496457576751709,482.31201503759377,81,428,233,1781,1062,431,289,11
29,20,0,29.0,20.0,0.45736074447631836,447.29415207362564,81,399,213,1781,1062,431,289,11
28,17,0,28.0,17.0,0.46534061431884766,414.59146797807983,81,371,196,1781,1062,431,289,11
28,15,0,28.0,15.0,0.47344470024108887,382.82728114458376,81,343,181,1781,1062,431,289,11
24,14,0,24.0,14.0,0.4814295768737793,355.06943774777665,81,319,167,1781,1062,431,289,11
22,12,0,22.0,12.0,0.4894137382507324,330.01343256651666,81,297,155,1781,1062,431,289,11
17,10,0,17.0,10.0,0.4973165988922119,310.3173005085512,81,280,145,1781,1062,431,289,11
14,9,0,14.0,9.0,0.5053956508636475,293.75073221667594,81,266,136,1781,1062,431,289,11
10,8,0,10.0,8.0,0.5134186744689941,281.2167011199731,81,256,128,1781,1062,431,289,11
9,7,0,9.0,7.0,0.5214197635650635,270.04545078950133,81,247,121,1781,1062,431,289,11
6,6,0,6.0,6.0,0.5570437908172607,262.0318333083155,81,241,115,1781,1062,431,289,11
6,4,0,6.0,4.0,0.5570657253265381,254.89613309935953,81,235,111,1781,1062,431,289,11
5,3,0,5.0,3.0,0.5570797920227051,249.0944706206729,81,230,108,1781,1062,431,289,11
6,3,0,6.0,3.0,0.5570917129516602,242.38835865901208,81,224,105,1781,1062,431,289,11
6,3,0,6.0,3.0,0.5615167617797852,235.68236329236922,81,218,102,1781,1062,431,289,11
6,3,0,6.0,3.0,0.5693817138671875,228.97649454592656,81,212,99,1781,1062,431,289,11
6,3,0,6.0,3.0,0.5774745941162109,222.27076362788065,81,206,96,1781,1062,431,289,11
8,3,0,8.0,3.0,0.585343599319458,213.7532856896097,81,198,93,1781,1062,431,289,11
9,4,0,9.0,4.0,0.5933196544647217,203.90667772955464,81,189,89,1781,1062,431,289,11
9,4,0,9.0,4.0,0.601449728012085,194.06029237394384,81,180,85,1781,1062,431,289,11
8,3,0,8.0,3.0,0.6111197471618652,185.5465822312224,81,172,82,1781,1062,431,289,11
8,4,0,8.0,4.0,0.6174466609954834,176.60396471443016,81,164,78,1781,1062,431,289,11
8,3,0,8.0,3.0,0.6253867149353027,168.09246084101989,81,156,75,1781,1062,431,289,11
8,4,0,8.0,4.0,0.633347749710083,159.14932226482082,81,148,71,1781,1062,431,289,11
8,3,0,8.0,3.0,0.641291618347168,150.64061166674975,81,140,68,1781,1062,431,289,11
7,3,0,7.0,3.0,0.649390697479248,143.03377992877165,81,133,65,1781,1062,431,289,11
5,3,0,5.0,3.0,0.6574206352233887,137.22517358048822,81,128,62,1781,1062,431,289,11
5,2,0,5.0,2.0,0.6654026508331299,131.85393673548452,81,123,60,1781,1062,431,289,11
4,2,0,4.0,2.0,0.6732676029205322,127.38202294873727,81,119,58,1781,1062,431,289,11
3,2,0,3.0,2.0,0.6813466548919678,123.80993750483694,81,116,56,1781,1062,431,289,11
2,0,0,2.0,-0.0,0.6892867088317871,122.01181047445942,81,114,56,1781,1062,431,289,11
2,2,0,2.0,2.0,0.6972975730895996,119.33824833895642,81,112,54,1781,1062,431,289,11
3,0,0,3.0,-0.0,0.7054297924041748,116.64292005702592,81,109,54,1781,1062,431,289,11
2,2,0,2.0,2.0,0.7135436534881592,113.9663818059539,81,107,52,1781,1062,431,289,11
2,2,0,2.0,2.0,0.7212657928466797,111.29703349613007,81,105,50,1781,1062,431,289,11
4,2,0,4.0,2.0,0.7293896675109863,106.8257573191436,81,101,48,1781,1062,431,289,11
4,2,0,4.0,2.0,0.7373895645141602,102.35455276791944,81,97,46,1781,1062,431,289,11
6,2,0,6.0,2.0,0.7452807426452637,96.07917688624102,81,91,44,1781,1062,431,289,11
7,1,0,7.0,1.0,0.7546517848968506,89.36630754670864,81,84,43,1781,1062,431,289,11
8,3,0,8.0,3.0,0.7613956928253174,80.88364221433555,81,76,40,1781,1062,431,289,11
9,2,0,9.0,2.0,0.7693157196044922,72.02596964660685,81,67,38,1781,1062,431,289,11
8,2,0,8.0,2.0,0.7774786949157715,64.1158447825099,81,59,36,1781,1062,431,289,11
6,2,0,6.0,2.0,0.7856945991516113,57.96824596572466,81,53,34,1781,1062,431,289,11
6,2,0,6.0,2.0,0.799419641494751,51.859475903318,81,47,32,1781,1062,431,289,11
5,1,0,5.0,1.0,0.801250696182251,47.20153254455275,81,42,31,1781,1062,431,289,11
5,2,0,5.0,2.0,0.8093335628509521,42.01063709417264,81,37,29,1781,1062,431,289,11
3,1,0,3.0,1.0,0.8173766136169434,39.04543109109048,81,34,28,1781,1062,431,289,11
3,2,0,3.0,2.0,0.8253326416015625,35.45985664828782,81,31,26,1781,1062,431,289,11
3,2,0,3.0,2.0,0.8332436084747314,31.87817782917155,81,28,24,1781,1062,431,289,11
3,1,0,3.0,1.0,0.8414006233215332,28.97057550292606,81,25,23,1781,1062,431,289,11
2,1,0,2.0,1.0,0.8494546413421631,26.827660925679098,81,23,22,1781,1062,431,289,11
3,2,0,3.0,2.0,0.8575847148895264,23.284271247461902,81,20,20,1781,1062,431,289,11
2,1,0,2.0,1.0,0.8715987205505371,21.1725046566048,81,18,19,1781,1062,431,289,11
2,1,0,2.0,1.0,0.8732917308807373,19.08318915758459,81,16,18,1781,1062,431,289,11
1,0,0,1.0,-0.0,0.8814496994018555,18.430749027719962,81,15,18,1781,1062,431,289,11
0,1,0,-0.0,1.0,0.889298677444458,17.67156809750927,81,15,17,1781,1062,431,289,11
0,1,0,-0.0,1.0,0.9452826976776123,16.93171219946131,81,15,16,1781,1062,431,289,11
1,1,0,1.0,1.0,0.9534707069396973,15.518284528683193,81,14,15,1781,1062,431,289,11
0,1,0,-0.0,1.0,0.961317777633667,14.79898987322333,81,14,14,1781,1062,431,289,11
1,0,0,1.0,-0.0,0.969754695892334,14.104973174542799,81,13,14,1781,1062,431,289,11
0,1,0,-0.0,1.0,0.9933147430419922,13.384776310850235,81,13,13,1781,1062,431,289,11
1,1,0,1.0,1.0,1.0014586448669434,11.970562748477139,81,12,12,1781,1062,431,289,11
1,1,0,1.0,1.0,1.0096015930175781,10.556349186104045,81,11,11,1781,1062,431,289,11
1,1,0,1.0,1.0,1.0172736644744873,9.142135623730951,81,10,10,1781,1062,431,289,11
2,1,0,2.0,1.0,1.0252656936645508,7.041594578792296,81,8,9,1781,1062,431,289,11
2,1,0,2.0,1.0,1.0333576202392578,5.0,81,6,8,1781,1062,431,289,11
1,1,0,1.0,1.0,1.041400671005249,3.6023252670426267,81,5,7,1781,1062,431,289,11
1,1,0,1.0,1.0,1.0518195629119873,2.2111025509279782,81,4,6,1781,1062,431,289,11
1,0,0,1.0,-0.0,1.057377576828003,1.7082039324993694,81,3,6,1781,1062,431,289,11
1,0,0,1.0,-0.0,1.0733885765075684,1.324555320336759,81,2,6,1781,1062,431,289,11
1,0,0,1.0,-0.0,1.0813477039337158,1.0827625302982193,81,1,6,1781,1062,431,289,11
1,0,0,1.0,-0.0,1.0893337726593018,1.0,81,0,6,1781,1062,431,289,11
1,0,0,1.0,-0.0,1.105320692062378,1.0827625302982193,81,-1,6,1781,1062,431,289,11
0,0,1,-0.0,-0.0,1.1302597522735596,1.0827625302982193,81,-1,6,1781,1062,431,289,11
0,0,0,-0.0,-0.0,0.09355545043945312,1597.0808308225285,82,-1603,-312,179,744,1782,1056,72
-1,0,0,-1.0,-0.0,0.1415855884552002,1596.0992616872295,82,-1602,-312,179,744,1782,1056,72
-2,0,0,-2.0,-0.0,0.14972543716430664,1594.1361906294824,82,-1600,-312,179,744,1782,1056,72
-1,0,0,-1.0,-0.0,0.15767455101013184,1593.154688788023,82,-1599,-312,179,744,1782,1056,72
-3,0,0,-3.0,-0.0,0.16593146324157715,1590.2103185012693,82,-1596,-312,179,744,1782,1056,72
-4,0,0,-4.0,-0.0,0.1735215187072754,1586.2848085339392,82,-1592,-312,179,744,1782,1056,72
-4,0,0,-4.0,-0.0,0.18161439895629883,1582.3596633628756,82,-1588,-312,179,744,1782,1056,72
-4,-1,0,-4.0,-1.0,0.1896073818206787,1578.2419273454645,82,-1584,-311,179,744,1782,1056,72
-5,-2,0,-5.0,-2.0,0.19748544692993164,1572.9505896701737,82,-1579,-309,179,744,1782,1056,72
-8,-3,0,-8.0,-3.0,0.20550847053527832,1564.5239767026296,82,-1571,-306,179,744,1782,1056,72
-9,-4,0,-9.0,-4.0,0.2135305404663086,1554.9267739277002,82,-1562,-302,179,744,1782,1056,72
-11,-4,0,-11.0,-4.0,0.22161555290222168,1543.3685447038636,82,-1551,-298,179,744,1782,1056,72
-14,-3,0,-14.0,-3.0,0.2296895980834961,1529.053992678847,82,-1537,-295,179,744,1782,1056,72
-18,-3,0,-18.0,-3.0,0.237654447555542,1510.8112360595264,82,-1519,-292,179,744,1782,1056,72
-25,-3,0,-25.0,-3.0,0.24554038047790527,1485.6954360186535,82,-1494,-289,179,744,1782,1056,72
-30,-5,0,-30.0,-5.0,0.2536885738372803,1455.2920572443213,82,-1464,-284,179,744,1782,1056,72
-34,-4,0,-34.0,-4.0,0.26161742210388184,1421.1547618561317,82,-1430,-280,179,744,1782,1056,72
-36,-3,0,-36.0,-3.0,0.26962947845458984,1385.2547273448204,82,-1394,-277,179,744,1782,1056,72
-38,-4,0,-38.0,-4.0,0.2816596031188965,1347.2082272745488,82,-1356,-273,179,744,1782,1056,72
-40,-4,0,-40.0,-4.0,0.28554248809814453,1307.2114502192126,82,-1316,-269,179,744,1782,1056,72
-44,-4,0,-44.0,-4.0,0.2935373783111572,1263.3109712459138,82,-1272,-265,179,744,1782,1056,72
-46,-4,0,-46.0,-4.0,0.30159854888916016,1217.473972605734,82,-1226,-261,179,744,1782,1056,72
-52,-4,0,-52.0,-4.0,0.3096275329589844,1165.8007322347578,82,-1174,-257,179,744,1782,1056,72
-54,-4,0,-54.0,-4.0,0.3176743984222412,1112.219926669103,82,-1120,-253,179,744,1782,1056,72
-58,-5,0,-58.0,-5.0,0.32564759254455566,1054.5723268082681,82,-1062,-248,179,744,1782,1056,72
-61,-5,0,-61.0,-5.0,0.3336465358734131,994.0728129603267,82,-1001,-243,179,744,1782,1056,72
-61,-6,0,-61.0,-6.0,0.341632604598999,933.4168350095845,82,-940,-237,179,744,1782,1056,72
-62,-6,0,-62.0,-6.0,0.34975147247314453,871.8793972769731,82,-878,-231,179,744,1782,1056,72
-55,-6,0,-55.0,-6.0,0.3576395511627197,817.2022034664468,82,-823,-225,179,744,1782,1056,72
-50,-6,0,-50.0,-6.0,0.36559343338012695,767.423922969686,82,-773,-219,179,744,1782,1056,72
-44,-6,0,-44.0,-6.0,0.37369346618652344,723.480085321531,82,-729,-213,179,744,1782,1056,72
-40,-6,0,-40.0,-6.0,0.3816225528717041,683.4233802150163,82,-689,-207,179,744,1782,1056,72
-35,-6,0,-35.0,-6.0,0.38959646224975586,648.1907628724609,82,-654,-201,179,744,1782,1056,72
-32,-5,0,-32.0,-5.0,0.3976163864135742,616.1502894272148,82,-622,-196,179,744,1782,1056,72
-29,-4,0,-29.0,-4.0,0.4056274890899658,587.3081100066001,82,-593,-192,179,744,1782,1056,72
-27,-4,0,-27.0,-4.0,0.4137084484100342,560.4059020499378,82,-566,-188,179,744,1782,1056,72
-26,-4,0,-26.0,-4.0,0.4215364456176758,534.487510818598,82,-540,-184,179,744,1782,1056,72
-24,-4,0,-24.0,-4.0,0.4295375347137451,510.49428176331355,82,-516,-180,179,744,1782,1056,72
-23,-5,0,-23.0,-5.0,0.4375905990600586,487.1386049604828,82,-493,-175,179,744,1782,1056,72
-20,-3,0,-20.0,-3.0,0.4457874298095703,467.3020961609439,82,-473,-172,179,744,1782,1056,72
-19,-4,0,-19.0,-4.0,0.4537324905395508,448.0867690817422,82,-454,-168,179,744,1782,1056,72
-17,-5,0,-17.0,-5.0,0.4616384506225586,430.4096911514597,82,-437,-163,179,744,1782,1056,72
-15,-4,0,-15.0,-4.0,0.46964359283447266,414.9600869256613,82,-422,-159,179,744,1782,1056,72
-13,-5,0,-13.0,-5.0,0.4778115749359131,401.03203543905107,82,-409,-154,179,744,1782,1056,72
-12,-7,0,-12.0,-7.0,0.48569345474243164,387.3414697380827,82,-397,-147,179,744,1782,1056,72
-12,-6,0,-12.0,-6.0,0.493558406829834,374.00731700787975,82,-385,-141,179,744,1782,1056,72
-10,-6,0,-10.0,-6.0,0.5016205310821533,362.55990766759265,82,-375,-135,179,744,1782,1056,72
-10,-8,0,-10.0,-8.0,0.5096786022186279,350.46345234704927,82,-365,-127,179,744,1782,1056,72
-10,-7,0,-10.0,-7.0,0.5177464485168457,338.73323845103465,82,-355,-120,179,744,1782,1056,72
-11,-6,0,-11.0,-6.0,0.5257034301757812,326.39757173579403,82,-344,-114,179,744,1782,1056,72
-12,-7,0,-12.0,-7.0,0.533550500869751,312.8165707072988,82,-332,-107,179,744,1782,1056,72
-11,-5,0,-11.0,-5.0,0.5416455268859863,300.81597349294464,82,-321,-102,179,744,1782,1056,72
-10,-4,0,-10.0,-4.0,0.5496995449066162,290.0751447136074,82,-311,-98,179,744,1782,1056,72
-9,-3,0,-9.0,-3.0,0.557591438293457,280.58963975468305,82,-302,-95,179,744,1782,1056,72
-8,-3,0,-8.0,-3.0,0.5656335353851318,272.05843601498725,82,-294,-92,179,744,1782,1056,72
-10,-3,0,-10.0,-3.0,0.5735836029052734,261.61888380947875,82,-284,-89,179,744,1782,1056,72
-9,-3,0,-9.0,-3.0,0.5815465450286865,252.13364954479022,82,-275,-86,179,744,1782,1056,72
-9,-3,0,-9.0,-3.0,0.5897705554962158,242.64852413031008,82,-266,-83,179,744,1782,1056,72
-10,-2,0,-10.0,-2.0,0.5976195335388184,232.50884529191956,82,-256,-81,179,744,1782,1056,72
-11,-3,0,-11.0,-3.0,0.6055335998535156,221.11670501933554,82,-245,-78,179,744,1782,1056,72
-12,-2,0,-12.0,-2.0,0.6136214733123779,209.08161905781512,82,-233,-76,179,744,1782,1056,72
-12,-3,0,-12.0,-3.0,0.6215684413909912,196.74449510138794,82,-221,-73,179,744,1782,1056,72
-14,-3,0,-14.0,-3.0,0.6296145915985107,182.51544567833184,82,-207,-70,179,744,1782,1056,72
-15,-3,0,-15.0,-3.0,0.6375534534454346,167.35437049643167,82,-192,-67,179,744,1782,1056,72
-15,-4,0,-15.0,-4.0,0.6456325054168701,151.8776197422141,82,-177,-63,179,744,1782,1056,72
-15,-4,0,-15.0,-4.0,0.6536695957183838,136.40939649566667,82,-162,-59,179,744,1782,1056,72
-14,-4,0,-14.0,-4.0,0.6617345809936523,121.88920165736477,82,-148,-55,179,744,1782,1056,72
-13,-4,0,-13.0,-4.0,0.6695854663848877,108.31216164966833,82,-135,-51,179,744,1782,1056,72
-13,-3,0,-13.0,-3.0,0.6775834560394287,95.10301293257908,82,-122,-48,179,744,1782,1056,72
-12,-4,0,-12.0,-4.0,0.6855645179748535,82.4736257569591,82,-110,-44,179,744,1782,1056,72
-11,-3,0,-11.0,-3.0,0.693596601486206,71.15409464878138,82,-99,-41,179,744,1782,1056,72
-12,-3,0,-12.0,-3.0,0.7015814781188965,58.93682109698007,82,-87,-38,179,744,1782,1056,72
-12,-2,0,-12.0,-2.0,0.7096335887908936,47.192547743172284,82,-75,-36,179,744,1782,1056,72
-8,-3,0,-8.0,-3.0,0.7175445556640625,38.68600939935136,82,-67,-33,179,744,1782,1056,72
-6,-1,0,-6.0,-1.0,0.7255494594573975,32.8839603971781,82,-61,-32,179,744,1782,1056,72
-4,-1,0,-4.0,-1.0,0.7335765361785889,28.88451279003334,82,-57,-31,179,744,1782,1056,72
-3,-1,0,-3.0,-1.0,0.741586446762085,25.773780845922005,82,-54,-30,179,744,1782,1056,72
-1,-1,0,-1.0,-1.0,0.7495875358581543,24.41522986797286,82,-53,-29,179,744,1782,1056,72
-1,0,0,-1.0,-0.0,0.7575514316558838,23.539902586416787,82,-52,-29,179,744,1782,1056,72
-2,-1,0,-2.0,-1.0,0.8217043876647949,21.30619512757761,82,-50,-28,179,744,1782,1056,72
-1,0,0,-1.0,-0.0,0.8295176029205322,20.43580423808985,82,-49,-28,179,744,1782,1056,72
-1,0,0,-1.0,-0.0,0.8375115394592285,19.569775957799216,82,-48,-28,179,744,1782,1056,72
-1,0,0,-1.0,-0.0,0.8695476055145264,18.708317466359723,82,-47,-28,179,744,1782,1056,72
0,0,1,-0.0,-0.0,0.890627384185791,18.708317466359723,82,-47,-28,179,744,1782,1056,72
0,0,0,-0.0,-0.0,0.08098316192626953,1416.3723065542417,83,1416,-82,1642,690,226,772,4
3,-1,0,3.0,-1.0,0.09610414505004883,1413.3197518582153,83,1413,-81,1642,690,226,772,4
7,0,0,7.0,-0.0,0.10403013229370117,1406.3312820497881,83,1406,-81,1642,690,226,772,4
10,-2,0,10.0,-2.0,0.11202120780944824,1396.2335284207713,83,1396,-79,1642,690,226,772,4
14,-3,0,14.0,-3.0,0.1200401782989502,1382.0881474819441,83,1382,-76,1642,690,226,772,4
16,-3,0,16.0,-3.0,0.12811613082885742,1365.9491949630294,83,1366,-73,1642,690,226,772,4
17,-4,0,17.0,-4.0,0.13607120513916016,1348.7634878097647,83,1349,-69,1642,690,226,772,4
16,-5,0,16.0,-5.0,0.14418816566467285,1332.535499715163,83,1333,-64,1642,690,226,772,4
13,-4,0,13.0,-4.0,0.15198326110839844,1319.3629327327144,83,1320,-60,1642,690,226,772,4
11,-5,0,11.0,-5.0,0.16001629829406738,1308.1549526678132,83,1309,-55,1642,690,226,772,4
8,-4,0,8.0,-4.0,0.16797518730163574,1299.9992319506184,83,1301,-51,1642,690,226,772,4
5,-5,0,5.0,-5.0,0.17597222328186035,1294.8161010721606,83,1296,-46,1642,690,226,772,4
2,-5,0,2.0,-5.0,0.1840381622314453,1292.649373382616,83,1294,-41,1642,690,226,772,4
1,-4,0,1.0,-4.0,0.19202518463134766,1291.5292806890766,83,1293,-37,1642,690,226,772,4
2,-2,0,2.0,-2.0,0.20004916191101074,1289.4743512745424,83,1291,-35,1642,690,226,772,4
1,-1,0,1.0,-1.0,0.20801520347595215,1288.4479842287328,83,1290,-34,1642,690,226,772,4
2,-2,0,2.0,-2.0,0.21608209609985352,1286.3974542042529,83,1288,-32,1642,690,226,772,4
3,-1,0,3.0,-1.0,0.22402024269104004,1283.3738755708396,83,1285,-31,1642,690,226,772,4
4,-1,0,4.0,-1.0,0.23208308219909668,1279.3512399026272,83,1281,-30,1642,690,226,772,4
6,-2,0,6.0,-2.0,0.2401132583618164,1273.3074139202672,83,1275,-28,1642,690,226,772,4
5,0,0,5.0,-0.0,0.24806809425354004,1268.3086239178258,83,1270,-28,1642,690,226,772,4
6,0,0,6.0,-0.0,0.2560281753540039,1262.3100885463186,83,1264,-28,1642,690,226,772,4
10,0,0,10.0,-0.0,0.26401615142822266,1252.312560727987,83,1254,-28,1642,690,226,772,4
12,0,0,12.0,-0.0,0.2720611095428467,1240.3155798749367,83,1242,-28,1642,690,226,772,4
17,1,0,17.0,1.0,0.2800002098083496,1223.3432172252801,83,1225,-29,1642,690,226,772,4
23,0,0,23.0,-0.0,0.2880892753601074,1200.3497827171593,83,1202,-29,1642,690,226,772,4
33,0,0,33.0,-0.0,0.29609227180480957,1167.3596538276836,83,1169,-29,1642,690,226,772,4
38,-2,0,38.0,-2.0,0.3040170669555664,1129.322235262792,83,1131,-27,1642,690,226,772,4
43,-2,0,43.0,-2.0,0.31208229064941406,1086.2871863621294,83,1088,-25,1642,690,226,772,4
44,-1,0,44.0,-1.0,0.320101261138916,1042.2758256322895,83,1044,-24,1642,690,226,772,4
44,0,0,44.0,-0.0,0.32804012298583984,998.2879585399396,83,1000,-24,1642,690,226,772,4
45,0,0,45.0,-0.0,0.3360931873321533,953.3015230805403,83,955,-24,1642,690,226,772,4
46,0,0,46.0,-0.0,0.3441441059112549,907.3167764866103,83,909,-24,1642,690,226,772,4
44,0,0,44.0,-0.0,0.35210108757019043,863.332883923869,83,865,-24,1642,690,226,772,4
41,0,0,41.0,-0.0,0.3601241111755371,822.3494404680578,83,824,-24,1642,690,226,772,4
39,-1,0,39.0,-1.0,0.3680300712585449,783.3368703938457,83,785,-23,1642,690,226,772,4
37,-2,0,37.0,-2.0,0.3760721683502197,746.2947280316761,83,748,-21,1642,690,226,772,4
36,-1,0,36.0,-1.0,0.38407111167907715,710.2808434880163,83,712,-20,1642,690,226,772,4
36,-1,0,36.0,-1.0,0.3920602798461914,674.2669591219136,83,676,-19,1642,690,226,772,4
36,-2,0,36.0,-2.0,0.40009117126464844,638.2257414381274,83,640,-17,1642,690,226,772,4
36,-1,0,36.0,-1.0,0.40809011459350586,602.21188336543,83,604,-16,1642,690,226,772,4
36,-1,0,36.0,-1.0,0.41608715057373047,566.1980288596574,83,568,-15,1642,690,226,772,4
36,-1,0,36.0,-1.0,0.4240541458129883,530.18417864495,83,532,-14,1642,690,226,772,4
37,0,0,37.0,-0.0,0.43206119537353516,493.19794022188745,83,495,-14,1642,690,226,772,4
34,0,0,34.0,-0.0,0.44006919860839844,459.2125323535777,83,461,-14,1642,690,226,772,4
30,0,0,30.0,-0.0,0.4480581283569336,429.227318244102,83,431,-14,1642,690,226,772,4
27,1,0,27.0,1.0,0.4561302661895752,402.27836944362974,83,404,-15,1642,690,226,772,4
23,1,0,23.0,1.0,0.46408724784851074,379.33581001526727,83,381,-16,1642,690,226,772,4
20,1,0,20.0,1.0,0.4720902442932129,359.4000553403389,83,361,-17,1642,690,226,772,4
18,1,0,18.0,1.0,0.4800851345062256,341.4719784785944,83,343,-18,1642,690,226,772,4
15,1,0,15.0,1.0,0.48802709579467773,326.54984401152893,83,328,-19,1642,690,226,772,4
12,0,0,12.0,-0.0,0.4960761070251465,314.5706872090339,83,316,-19,1642,690,226,772,4
9,0,0,9.0,-0.0,0.5041000843048096,305.5873859572268,83,307,-19,1642,690,226,772,4
7,0,0,7.0,-0.0,0.5120782852172852,298.60106453570654,83,300,-19,1642,690,226,772,4
6,0,0,6.0,-0.0,0.5200612545013428,292.61330587738223,83,294,-19,1642,690,226,772,4
6,0,0,6.0,-0.0,0.5280871391296387,286.62605564986677,83,288,-19,1642,690,226,772,4
4,0,0,4.0,-0.0,0.5360991954803467,282.63485380395707,83,284,-19,1642,690,226,772,4
4,0,0,4.0,-0.0,0.5440840721130371,278.6439024814186,83,280,-19,1642,690,226,772,4
3,0,0,3.0,-0.0,0.5520632266998291,275.6508598942204,83,277,-19,1642,690,226,772,4
5,0,0,5.0,-0.0,0.5602192878723145,270.66279540854123,83,272,-19,1642,690,226,772,4
6,0,0,6.0,-0.0,0.5680842399597168,264.6777081047458,83,266,-19,1642,690,226,772,4
6,0,0,6.0,-0.0,0.5760471820831299,258.69330639661615,83,260,-19,1642,690,226,772,4
6,1,0,6.0,1.0,0.5840692520141602,252.78618486880328,83,254,-20,1642,690,226,772,4
6,0,0,6.0,-0.0,0.5920522212982178,246.8051446413438,83,248,-20,1642,690,226,772,4
6,0,0,6.0,-0.0,0.6000580787658691,240.82503989498284,83,242,-20,1642,690,226,772,4
4,0,0,4.0,-0.0,0.6081671714782715,236.83885781003056,83,238,-20,1642,690,226,772,4
4,1,0,4.0,1.0,0.6160752773284912,232.94041797868667,83,234,-21,1642,690,226,772,4
5,0,0,5.0,-0.0,0.6240901947021484,227.96086623597503,83,229,-21,1642,690,226,772,4
5,0,0,5.0,-0.0,0.6321401596069336,222.98222151983475,83,224,-21,1642,690,226,772,4
7,1,0,7.0,1.0,0.6400401592254639,216.11235636707977,83,217,-22,1642,690,226,772,4
7,1,0,7.0,1.0,0.6480691432952881,209.25576915199264,83,210,-23,1642,690,226,772,4
7,0,0,7.0,-0.0,0.6560502052307129,202.29880077964236,83,203,-23,1642,690,226,772,4
8,0,0,8.0,-0.0,0.6640710830688477,194.3517252279694,83,195,-23,1642,690,226,772,4
9,0,0,9.0,-0.0,0.6722662448883057,185.41664813991312,83,186,-23,1642,690,226,772,4
7,0,0,7.0,-0.0,0.6799612045288086,178.47160441465576,83,179,-23,1642,690,226,772,4
6,0,0,6.0,-0.0,0.6881272792816162,172.52220489095365,83,173,-23,1642,690,226,772,4
4,0,0,4.0,-0.0,0.6960351467132568,168.55790805471318,83,169,-23,1642,690,226,772,4
4,0,0,4.0,-0.0,0.7041232585906982,164.59531806146293,83,165,-23,1642,690,226,772,4
5,0,0,5.0,-0.0,0.7122721672058105,159.64467204334326,83,160,-23,1642,690,226,772,4
5,0,0,5.0,-0.0,0.7200472354888916,154.69716015295236,83,155,-23,1642,690,226,772,4
5,0,0,5.0,-0.0,0.728107213973999,149.75308893067054,83,150,-23,1642,690,226,772,4
7,0,0,7.0,-0.0,0.7361443042755127,142.83784035948617,83,143,-23,1642,690,226,772,4
9,0,0,9.0,-0.0,0.7440292835235596,133.95955280891445,83,134,-23,1642,690,226,772,4
10,1,0,10.0,1.0,0.7520091533660889,124.30122723077555,83,124,-24,1642,690,226,772,4
11,0,0,11.0,-0.0,0.7601401805877686,113.52056094046635,83,113,-24,1642,690,226,772,4
11,0,0,11.0,-0.0,0.768186092376709,102.78549517943789,83,102,-24,1642,690,226,772,4
10,0,0,10.0,-0.0,0.7761530876159668,93.0789145920377,83,92,-24,1642,690,226,772,4
7,0,0,7.0,-0.0,0.784210205078125,86.32326986700618,83,85,-24,1642,690,226,772,4
6,-1,0,6.0,-1.0,0.7920012474060059,80.28000972289685,83,79,-23,1642,690,226,772,4
5,-1,0,5.0,-1.0,0.8000831604003906,75.20103626247513,83,74,-22,1642,690,226,772,4
4,-1,0,4.0,-1.0,0.8079972267150879,71.08214556237385,83,70,-21,1642,690,226,772,4
4,-1,0,4.0,-1.0,0.8159961700439453,66.96375859826666,83,66,-20,1642,690,226,772,4
4,0,0,4.0,-0.0,0.824073076248169,63.14598989960932,83,62,-20,1642,690,226,772,4
4,-1,0,4.0,-1.0,0.8320713043212891,59.032778078668514,83,58,-19,1642,690,226,772,4
3,0,0,3.0,-0.0,0.8400771617889404,56.18934610390462,83,55,-19,1642,690,226,772,4
3,-1,0,3.0,-1.0,0.8480772972106934,53.02726596879042,83,52,-18,1642,690,226,772,4
4,0,0,4.0,-0.0,0.8560183048248291,49.264022471905186,83,48,-18,1642,690,226,772,4
3,-1,0,3.0,-1.0,0.8639512062072754,46.104053883222775,83,45,-17,1642,690,226,772,4
3,-1,0,3.0,-1.0,0.8719511032104492,42.94441010848846,83,42,-16,1642,690,226,772,4
4,0,0,4.0,-0.0,0.880047082901001,39.23105625617661,83,38,-16,1642,690,226,772,4
2,-1,0,2.0,-1.0,0.8879861831665039,37.0,83,36,-15,1642,690,226,772,4
3,-1,0,3.0,-1.0,0.8960433006286621,33.84689665786984,83,33,-14,1642,690,226,772,4
3,0,0,3.0,-0.0,0.9039890766143799,31.105890714493697,83,30,-14,1642,690,226,772,4
3,-1,0,3.0,-1.0,0.912081241607666,27.966648127543394,83,27,-13,1642,690,226,772,4
3,-1,0,3.0,-1.0,0.9200451374053955,24.832815729997478,83,24,-12,1642,690,226,772,4
3,-1,0,3.0,-1.0,0.9280321598052979,21.706539182259394,83,21,-11,1642,690,226,772,4
3,-2,0,3.0,-2.0,0.9361541271209717,18.12461179749811,83,18,-9,1642,690,226,772,4
2,0,0,2.0,-0.0,0.9441792964935303,16.35755975068582,83,16,-9,1642,690,226,772,4
1,-1,0,1.0,-1.0,0.9521162509918213,15.0,83,15,-8,1642,690,226,772,4
1,0,0,1.0,-0.0,0.9600632190704346,14.124515496597098,83,14,-8,1642,690,226,772,4
2,0,0,2.0,-0.0,0.9682102203369141,12.422205101855956,83,12,-8,1642,690,226,772,4
1,-1,0,1.0,-1.0,0.9761691093444824,11.038404810405298,83,11,-7,1642,690,226,772,4
1,0,0,1.0,-0.0,0.9841861724853516,10.206555615733702,83,10,-7,1642,690,226,772,4
1,0,0,1.0,-0.0,0.9921541213989258,9.40175425099138,83,9,-7,1642,690,226,772,4
1,-1,0,1.0,-1.0,0.9999783039093018,8.0,83,8,-6,1642,690,226,772,4
1,0,0,1.0,-0.0,1.008000135421753,7.219544457292887,83,7,-6,1642,690,226,772,4
1,0,0,1.0,-0.0,1.0239970684051514,6.4852813742385695,83,6,-6,1642,690,226,772,4
1,0,0,1.0,-0.0,1.0480611324310303,5.810249675906654,83,5,-6,1642,690,226,772,4
0,-1,0,-0.0,-1.0,1.0560312271118164,5.0710678118654755,83,5,-5,1642,690,226,772,4
2,0,0,2.0,-0.0,1.064021110534668,3.8309518948453007,83,3,-5,1642,690,226,772,4
1,0,0,1.0,-0.0,1.0800132751464844,3.3851648071345037,83,2,-5,1642,690,226,772,4
1,-1,0,1.0,-1.0,1.0882000923156738,2.1231056256176606,83,1,-4,1642,690,226,772,4
2,-1,0,2.0,-1.0,1.175997257232666,1.1622776601683795,83,-1,-3,1642,690,226,772,4
1,-1,0,1.0,-1.0,1.1839542388916016,0.8284271247461903,83,-2,-2,1642,690,226,772,4
1,-1,0,1.0,-1.0,1.192040205001831,1.1622776601683795,83,-3,-1,1642,690,226,772,4
0,0,1,-0.0,-0.0,1.2859821319580078,1.1622776601683795,83,-3,-1,1642,690,226,772,4
0,0,0,-0.0,-0.0,0.1238558292388916,1359.6981686682905,84,-1306,-475,339,216,1645,691,61
-1,0,0,-1.0,-0.0,0.16001486778259277,1358.758438318198,84,-1305,-475,339,216,1645,691,61
-1,0,0,-1.0,-0.0,0.1680278778076172,1357.8187922059565,84,-1304,-475,339,216,1645,691,61
-1,0,0,-1.0,-0.0,0.17668390274047852,1356.879230502786,84,-1303,-475,339,216,1645,691,61
-2,0,0,-2.0,-0.0,0.18386578559875488,1355.0003610107833,84,-1301,-475,339,216,1645,691,61
-2,0,0,-2.0,-0.0,0.19180989265441895,1353.1218312209521,84,-1299,-475,339,216,1645,691,61
-5,0,0,-5.0,-0.0,0.1998598575592041,1348.4270020570548,84,-1294,-475,339,216,1645,691,61
-8,-2,0,-8.0,-2.0,0.20786094665527344,1340.2280832036686,84,-1286,-473,339,216,1645,691,61
-10,-2,0,-10.0,-2.0,0.21585488319396973,1330.1533001834757,84,-1276,-471,339,216,1645,691,61
-12,-3,0,-12.0,-3.0,0.22380876541137695,1317.857559239848,84,-1264,-468,339,216,1645,691,61
-12,-3,0,-12.0,-3.0,0.23206186294555664,1305.5631770904738,84,-1252,-465,339,216,1645,691,61
-15,-4,0,-15.0,-4.0,0.24008488655090332,1290.109843914513,84,-1237,-461,339,216,1645,691,61
-16,-4,0,-16.0,-4.0,0.24796795845031738,1273.7215960472543,84,-1221,-457,339,216,1645,691,61
-18,-6,0,-18.0,-6.0,0.2558279037475586,1254.7606781031243,84,-1203,-451,339,216,1645,691,61
-25,-9,0,-25.0,-9.0,0.2639439105987549,1228.1923541335004,84,-1178,-442,339,216,1645,691,61
-29,-12,0,-29.0,-12.0,0.27187275886535645,1196.8255784747887,84,-1149,-430,339,216,1645,691,61
-33,-13,0,-33.0,-13.0,0.27997279167175293,1161.3626651863822,84,-1116,-417,339,216,1645,691,61
-35,-15,0,-35.0,-15.0,0.28795695304870605,1123.3277938209935,84,-1081,-402,339,216,1645,691,61
-37,-16,0,-37.0,-16.0,0.2959787845611572,1083.0732231079858,84,-1044,-386,339,216,1645,691,61
-39,-18,0,-39.0,-18.0,0.3039567470550537,1040.2565113093217,84,-1005,-368,339,216,1645,691,61
-41,-19,0,-41.0,-19.0,0.31210780143737793,995.2302180486099,84,-964,-349,339,216,1645,691,61
-41,-19,0,-41.0,-19.0,0.32004880905151367,950.218853113936,84,-923,-330,339,216,1645,691,61
-44,-22,0,-44.0,-22.0,0.3279438018798828,901.3994846466258,84,-879,-308,339,216,1645,691,61
-43,-20,0,-43.0,-20.0,0.3360579013824463,854.2171678948561,84,-836,-288,339,216,1645,691,61
-43,-18,0,-43.0,-18.0,0.34403085708618164,807.7046018734767,84,-793,-270,339,216,1645,691,61
-44,-18,0,-44.0,-18.0,0.3519778251647949,760.2562875422125,84,-749,-252,339,216,1645,691,61
-44,-18,0,-44.0,-18.0,0.35996389389038086,712.8196281736233,84,-705,-234,339,216,1645,691,61
-42,-16,0,-42.0,-16.0,0.3679988384246826,667.9204825766328,84,-663,-218,339,216,1645,691,61
-40,-15,0,-40.0,-15.0,0.3759748935699463,625.2388877348475,84,-623,-203,339,216,1645,691,61
-39,-16,0,-39.0,-16.0,0.3839559555053711,583.2087735836792,84,-584,-187,339,216,1645,691,61
-37,-15,0,-37.0,-15.0,0.3919408321380615,543.4047436148396,84,-547,-172,339,216,1645,691,61
-34,-13,0,-34.0,-13.0,0.40024685859680176,507.0754136990447,84,-513,-159,339,216,1645,691,61
-30,-13,0,-30.0,-13.0,0.4078807830810547,474.5839870626098,84,-483,-146,339,216,1645,691,61
-25,-12,0,-25.0,-12.0,0.4159059524536133,447.20016764456403,84,-458,-134,339,216,1645,691,61
-21,-11,0,-21.0,-11.0,0.4239819049835205,423.98017577863465,84,-437,-123,339,216,1645,691,61
-17,-11,0,-17.0,-11.0,0.4320077896118164,404.67689149528064,84,-420,-112,339,216,1645,691,61
-16,-9,0,-16.0,-9.0,0.4399847984313965,386.92325432865937,84,-404,-103,339,216,1645,691,61
-14,-8,0,-14.0,-8.0,0.44795680046081543,371.40378672852603,84,-390,-95,339,216,1645,691,61
-13,-7,0,-13.0,-7.0,0.4559519290924072,357.1343436069706,84,-377,-88,339,216,1645,691,61
-13,-7,0,-13.0,-7.0,0.46399784088134766,342.90347276473574,84,-364,-81,339,216,1645,691,61
-10,-5,0,-10.0,-5.0,0.47208690643310547,332.0662922725616,84,-354,-76,339,216,1645,691,61
-10,-5,0,-10.0,-5.0,0.4800238609313965,321.2506227752486,84,-344,-71,339,216,1645,691,61
-8,-3,0,-8.0,-3.0,0.48796677589416504,312.81190177705327,84,-336,-68,339,216,1645,691,61
-7,-2,0,-7.0,-2.0,0.49616193771362305,305.5547645318123,84,-329,-66,339,216,1645,691,61
-6,-2,0,-6.0,-2.0,0.5040898323059082,299.2795165205391,84,-323,-64,339,216,1645,691,61
-5,-2,0,-5.0,-2.0,0.5118927955627441,293.9876540857691,84,-318,-62,339,216,1645,691,61
-5,0,0,-5.0,-0.0,0.5199568271636963,289.0814942926023,84,-313,-62,339,216,1645,691,61
-4,-1,0,-4.0,-1.0,0.5279879570007324,284.9634899476446,84,-309,-61,339,216,1645,691,61
-5,0,0,-5.0,-0.0,0.5360579490661621,280.0596716762759,84,-304,-61,339,216,1645,691,61
-5,0,0,-5.0,-0.0,0.5438709259033203,275.15897496223175,84,-299,-61,339,216,1645,691,61
-7,0,0,-7.0,-0.0,0.5519888401031494,268.30353668704635,84,-292,-61,339,216,1645,691,61
-7,0,0,-7.0,-0.0,0.5599308013916016,261.45497079308836,84,-285,-61,339,216,1645,691,61
-9,0,0,-9.0,-0.0,0.5679419040679932,252.66057383370605,84,-276,-61,339,216,1645,691,61
-10,1,0,-10.0,1.0,0.5758688449859619,243.13000567495328,84,-266,-62,339,216,1645,691,61
-9,2,0,-9.0,2.0,0.5839638710021973,234.8490135907627,84,-257,-64,339,216,1645,691,61
-10,0,0,-10.0,-0.0,0.5918629169464111,225.15681452785068,84,-247,-64,339,216,1645,691,61
-11,1,0,-11.0,1.0,0.5999889373779297,214.787663087828,84,-236,-65,339,216,1645,691,61
-10,0,0,-10.0,-0.0,0.6081128120422363,205.16164653276266,84,-226,-65,339,216,1645,691,61
-10,0,0,-10.0,-0.0,0.6159987449645996,195.5681715136247,84,-216,-65,339,216,1645,691,61
-11,0,0,-11.0,-0.0,0.6238858699798584,185.05813167606567,84,-205,-65,339,216,1645,691,61
-11,-1,0,-11.0,-1.0,0.6319637298583984,174.2841158778626,84,-194,-64,339,216,1645,691,61
-12,-1,0,-12.0,-1.0,0.6400578022003174,162.59543089076647,84,-182,-63,339,216,1645,691,61
-13,-2,0,-13.0,-2.0,0.6480638980865479,149.6719232378838,84,-169,-61,339,216,1645,691,61
-13,-1,0,-13.0,-1.0,0.6559708118438721,137.14065932620943,84,-156,-60,339,216,1645,691,61
-13,-2,0,-13.0,-2.0,0.6640048027038574,124.31461369552787,84,-143,-58,339,216,1645,691,61
-11,-2,0,-11.0,-2.0,0.6719789505004883,113.38758663147937,84,-132,-56,339,216,1645,691,61
-11,-2,0,-11.0,-2.0,0.6798198223114014,102.5028301584536,84,-121,-54,339,216,1645,691,61
-13,-3,0,-13.0,-3.0,0.6879448890686035,89.4361754243663,84,-108,-51,339,216,1645,691,61
-12,-3,0,-12.0,-3.0,0.695969820022583,77.33126291998991,84,-96,-48,339,216,1645,691,61
-11,-3,0,-11.0,-3.0,0.7038369178771973,66.17692030835673,84,-85,-45,339,216,1645,691,61
-13,-3,0,-13.0,-3.0,0.711967945098877,53.35466393669883,84,-72,-42,339,216,1645,691,61
-11,-4,0,-11.0,-4.0,0.7199337482452393,41.867934435323804,84,-61,-38,339,216,1645,691,61
-11,-4,0,-11.0,-4.0,0.7279648780822754,30.4648658313239,84,-50,-34,339,216,1645,691,61
-11,-4,0,-11.0,-4.0,0.7359697818756104,19.203658400570177,84,-39,-30,339,216,1645,691,61
-11,-4,0,-11.0,-4.0,0.743994951248169,8.209946349085598,84,-28,-26,339,216,1645,691,61
-7,-4,0,-7.0,-4.0,0.7520368099212646,0.41381265149109936,84,-21,-22,339,216,1645,691,61
-5,-2,0,-5.0,-2.0,0.7598598003387451,-4.387503050268606,84,-16,-20,339,216,1645,691,61
-4,-3,0,-4.0,-3.0,0.7678358554840088,-9.191347953315187,84,-12,-17,339,216,1645,691,61
-3,-2,0,-3.0,-2.0,0.7758579254150391,-12.5071443154641,84,-9,-15,339,216,1645,691,61
-2,-1,0,-2.0,-1.0,0.7838747501373291,-14.347524157501471,84,-7,-14,339,216,1645,691,61
-1,0,0,-1.0,-0.0,0.7918858528137207,-14.768453788272183,84,-6,-14,339,216,1645,691,61
0,-1,0,-0.0,-1.0,0.8319287300109863,-15.682178936723647,84,-6,-13,339,216,1645,691,61
0,0,1,-0.0,-0.0,0.8428387641906738,-15.682178936723647,84,-6,-13,339,216,1645,691,61
0,0,0,-0.0,-0.0,0.07318377494812012,1079.5775515421906,85,911,583,1256,812,345,229,5
0,1,0,-0.0,1.0,0.14613676071166992,1079.0388522157748,85,911,582,1256,812,345,229,5
3,2,0,3.0,2.0,0.154160737991333,1075.4339886972195,85,908,580,1256,812,345,229,5
3,3,0,3.0,3.0,0.1621837615966797,1071.2912000011927,85,905,577,1256,812,345,229,5
7,5,0,7.0,5.0,0.17027664184570312,1062.7008969659037,85,898,572,1256,812,345,229,5
9,6,0,9.0,6.0,0.17818570137023926,1051.886616292284,85,889,566,1256,812,345,229,5
12,8,0,12.0,8.0,0.18620562553405762,1037.4676522143438,85,877,558,1256,812,345,229,5
17,11,0,17.0,11.0,0.1942136287689209,1017.2197996506936,85,860,547,1256,812,345,229,5
20,14,0,20.0,14.0,0.20212364196777344,992.8311414506484,85,840,533,1256,812,345,229,5
23,18,0,23.0,18.0,0.21021270751953125,963.7711944347895,85,817,515,1256,812,345,229,5
27,21,0,27.0,21.0,0.21805167198181152,929.7381606438581,85,790,494,1256,812,345,229,5
32,25,0,32.0,25.0,0.2262256145477295,889.3613184337763,85,758,469,1256,812,345,229,5
32,26,0,32.0,26.0,0.23420476913452148,848.4851556611674,85,726,443,1256,812,345,229,5
35,27,0,35.0,27.0,0.24219369888305664,804.5587393364478,85,691,416,1256,812,345,229,5
34,26,0,34.0,26.0,0.2503316402435303,762.034685076535,85,657,390,1256,812,345,229,5
33,25,0,33.0,25.0,0.2581956386566162,720.9114745250624,85,624,365,1256,812,345,229,5
32,24,0,32.0,24.0,0.26603174209594727,681.187382787475,85,592,341,1256,812,345,229,5
29,22,0,29.0,22.0,0.27414870262145996,645.0935017445315,85,563,319,1256,812,345,229,5
29,22,0,29.0,22.0,0.2820467948913574,609.0360054857651,85,534,297,1256,812,345,229,5
26,21,0,26.0,21.0,0.29019761085510254,576.1349323471122,85,508,276,1256,812,345,229,5
24,20,0,24.0,20.0,0.29809069633483887,545.5326474284433,85,484,256,1256,812,345,229,5
23,18,0,23.0,18.0,0.30622076988220215,516.8111409752107,85,461,238,1256,812,345,229,5
20,17,0,20.0,17.0,0.31418561935424805,491.27679856242986,85,441,221,1256,812,345,229,5
19,16,0,19.0,16.0,0.32209277153015137,467.1577559840613,85,422,205,1256,812,345,229,5
17,13,0,17.0,13.0,0.3302297592163086,446.20642565675024,85,405,192,1256,812,345,229,5
16,14,0,16.0,14.0,0.3380746841430664,425.79083674150854,85,389,178,1256,812,345,229,5
17,14,0,17.0,14.0,0.34612560272216797,404.5464303127012,85,372,164,1256,812,345,229,5
17,14,0,17.0,14.0,0.3541576862335205,383.3894134508627,85,355,150,1256,812,345,229,5
17,14,0,17.0,14.0,0.36225056648254395,362.33501067012486,85,338,136,1256,812,345,229,5
19,15,0,19.0,15.0,0.370161771774292,339.1773732239581,85,319,121,1256,812,345,229,5
18,14,0,18.0,14.0,0.3781876564025879,317.4526568992658,85,301,107,1256,812,345,229,5
20,12,0,20.0,12.0,0.38626766204833984,294.62434155004877,85,281,95,1256,812,345,229,5
20,11,0,20.0,11.0,0.39418768882751465,272.184244623939,85,261,84,1256,812,345,229,5
20,9,0,20.0,9.0,0.4023306369781494,250.40047543536838,85,241,75,1256,812,345,229,5
19,8,0,19.0,8.0,0.41029977798461914,229.89006015782564,85,222,67,1256,812,345,229,5
17,7,0,17.0,7.0,0.41816067695617676,211.60009363293827,85,205,60,1256,812,345,229,5
15,6,0,15.0,6.0,0.42610764503479004,195.52468200202222,85,190,54,1256,812,345,229,5
12,5,0,12.0,5.0,0.434154748916626,182.6212338816963,85,178,49,1256,812,345,229,5
10,3,0,10.0,3.0,0.44211578369140625,172.18381095842403,85,168,46,1256,812,345,229,5
8,3,0,8.0,3.0,0.45015573501586914,163.67739737212196,85,160,43,1256,812,345,229,5
6,1,0,6.0,1.0,0.4582197666168213,157.62455951387932,85,154,42,1256,812,345,229,5
4,2,0,4.0,2.0,0.4662437438964844,153.24174696260025,85,150,40,1256,812,345,229,5
5,1,0,5.0,1.0,0.47423672676086426,148.1532550429727,85,145,39,1256,812,345,229,5
3,0,0,3.0,-0.0,0.4821927547454834,145.2582765076381,85,142,39,1256,812,345,229,5
2,1,0,2.0,1.0,0.4901127815246582,143.06550244630873,85,140,38,1256,812,345,229,5
1,0,0,1.0,-0.0,0.49810075759887695,142.10065926289164,85,139,38,1256,812,345,229,5
1,0,0,1.0,-0.0,0.5223367214202881,141.13629868066312,85,138,38,1256,812,345,229,5
6,0,0,6.0,-0.0,0.5302066802978516,135.3608386695422,85,132,38,1256,812,345,229,5
8,0,0,8.0,-0.0,0.5382325649261475,127.6919426949878,85,124,38,1256,812,345,229,5
10,-1,0,10.0,-1.0,0.5462806224822998,118.48651376813922,85,114,39,1256,812,345,229,5
11,0,0,11.0,-0.0,0.5542616844177246,108.13627921806692,85,103,39,1256,812,345,229,5
10,0,0,10.0,-0.0,0.5621907711029053,98.84641788382967,85,93,39,1256,812,345,229,5
8,0,0,8.0,-0.0,0.5702707767486572,91.5200513259055,85,85,39,1256,812,345,229,5
7,0,0,7.0,-0.0,0.5780816078186035,85.20665112249179,85,78,39,1256,812,345,229,5
7,0,0,7.0,-0.0,0.5862717628479004,79.00617260431454,85,71,39,1256,812,345,229,5
5,1,0,5.0,1.0,0.5941877365112305,74.15773105863909,85,66,38,1256,812,345,229,5
4,1,0,4.0,1.0,0.6021847724914551,70.20110802473879,85,62,37,1256,812,345,229,5
2,1,0,2.0,1.0,0.6101827621459961,67.9714227381436,85,60,36,1256,812,345,229,5
2,1,0,2.0,1.0,0.618208646774292,65.7421582177598,85,58,35,1256,812,345,229,5
2,1,0,2.0,1.0,0.6263236999511719,63.513357416636794,85,56,34,1256,812,345,229,5
3,2,0,3.0,2.0,0.634178638458252,59.91122676865643,85,53,32,1256,812,345,229,5
2,1,0,2.0,1.0,0.642216682434082,57.682493245507096,85,51,31,1256,812,345,229,5
1,1,0,1.0,1.0,0.650141716003418,56.309518948453004,85,50,30,1256,812,345,229,5
3,2,0,3.0,2.0,0.6582455635070801,52.70831746635972,85,47,28,1256,812,345,229,5
2,2,0,2.0,2.0,0.6662006378173828,49.97114584074513,85,45,26,1256,812,345,229,5
2,1,0,2.0,1.0,0.6742377281188965,47.73932046178355,85,43,25,1256,812,345,229,5
1,2,0,1.0,2.0,0.6821765899658203,45.885279575251516,85,42,23,1256,812,345,229,5
2,1,0,2.0,1.0,0.6902527809143066,43.65084884205331,85,40,22,1256,812,345,229,5
2,2,0,2.0,2.0,0.6982007026672363,40.941821107167776,85,38,20,1256,812,345,229,5
1,2,0,1.0,2.0,0.7061977386474609,39.14608122288197,85,37,18,1256,812,345,229,5
3,1,0,3.0,1.0,0.7141256332397461,36.01315561749642,85,34,17,1256,812,345,229,5
2,2,0,2.0,2.0,0.7221617698669434,33.34119409414458,85,32,15,1256,812,345,229,5
3,2,0,3.0,2.0,0.7301297187805176,29.78049716414141,85,29,13,1256,812,345,229,5
2,1,0,2.0,1.0,0.7382276058197021,27.546573405388315,85,27,12,1256,812,345,229,5
3,1,0,3.0,1.0,0.7461817264556885,24.40075756488817,85,24,11,1256,812,345,229,5
2,1,0,2.0,1.0,0.7543416023254395,22.166091947189145,85,22,10,1256,812,345,229,5
4,1,0,4.0,1.0,0.7621996402740479,18.12461179749811,85,18,9,1256,812,345,229,5
2,2,0,2.0,2.0,0.7700526714324951,15.464249196572979,85,16,7,1256,812,345,229,5
3,1,0,3.0,1.0,0.7780647277832031,12.317821063276353,85,13,6,1256,812,345,229,5
3,2,0,3.0,2.0,0.7861857414245605,8.770329614269007,85,10,4,1256,812,345,229,5
3,1,0,3.0,1.0,0.7941145896911621,5.615773105863909,85,7,3,1256,812,345,229,5
1,1,0,1.0,1.0,0.8021945953369141,4.324555320336759,85,6,2,1256,812,345,229,5
2,0,0,2.0,-0.0,0.8101096153259277,2.4721359549995796,85,4,2,1256,812,345,229,5
1,0,0,1.0,-0.0,0.8261106014251709,1.6055512754639891,85,3,2,1256,812,345,229,5
1,0,0,1.0,-0.0,0.8422396183013916,0.8284271247461903,85,2,2,1256,812,345,229,5
0,1,0,-0.0,1.0,0.9061915874481201,0.2360679774997898,85,2,1,1256,812,345,229,5
0,0,1,-0.0,-0.0,1.011230707168579,0.2360679774997898,85,2,1,1256,812,345,229,5
0,0,0,-0.0,-0.0,0.09419775009155273,514.0620264593217,86,-363,-389,891,422,1254,811,37
-1,0,0,-1.0,-0.0,0.12128496170043945,513.3802781436285,86,-362,-389,891,422,1254,811,37
-3,0,0,-3.0,-0.0,0.12917375564575195,511.3410998590606,86,-359,-389,891,422,1254,811,37
-4,0,0,-4.0,-0.0,0.13720273971557617,508.63649702617454,86,-355,-389,891,422,1254,811,37
-5,-2,0,-5.0,-2.0,0.14531278610229492,503.7940206633265,86,-350,-387,891,422,1254,811,37
-8,-3,0,-8.0,-3.0,0.1532299518585205,496.2178526655798,86,-342,-384,891,422,1254,811,37
-10,-4,0,-10.0,-4.0,0.1611778736114502,486.6028141023393,86,-332,-380,891,422,1254,811,37
-9,-5,0,-9.0,-5.0,0.16933894157409668,476.9282776322242,86,-323,-375,891,422,1254,811,37
-10,-6,0,-10.0,-6.0,0.17727875709533691,465.86981720293323,86,-313,-369,891,422,1254,811,37
-11,-7,0,-11.0,-7.0,0.18529891967773438,453.4318614603811,86,-302,-362,891,422,1254,811,37
-11,-9,0,-11.0,-9.0,0.19330096244812012,439.48224009244336,86,-291,-353,891,422,1254,811,37
-11,-8,0,-11.0,-8.0,0.20116782188415527,426.3253312607779,86,-280,-345,891,422,1254,811,37
-11,-9,0,-11.0,-9.0,0.20928692817687988,412.41491609840847,86,-269,-336,891,422,1254,811,37
-15,-11,0,-15.0,-11.0,0.21728777885437012,394.48151473732736,86,-254,-325,891,422,1254,811,37
-23,-16,0,-23.0,-16.0,0.22530484199523926,367.8004665627039,86,-231,-309,891,422,1254,811,37
-24,-18,0,-24.0,-18.0,0.23330092430114746,339.1134273588715,86,-207,-291,891,422,1254,811,37
-23,-16,0,-23.0,-16.0,0.24135994911193848,312.87913201046695,86,-184,-275,891,422,1254,811,37
-22,-18,0,-22.0,-18.0,0.24930882453918457,285.7976300105055,86,-162,-257,891,422,1254,811,37
-20,-16,0,-20.0,-16.0,0.2573709487915039,261.72307734614964,86,-142,-241,891,422,1254,811,37
-19,-16,0,-19.0,-16.0,0.2651488780975342,238.4254277562972,86,-123,-225,891,422,1254,811,37
-17,-16,0,-17.0,-16.0,0.2731919288635254,216.3437645852776,86,-106,-209,891,422,1254,811,37
-16,-16,0,-16.0,-16.0,0.28127193450927734,194.9530464679949,86,-90,-193,891,422,1254,811,37
-16,-16,0,-16.0,-16.0,0.2892589569091797,173.84629264074925,86,-74,-177,891,422,1254,811,37
-17,-14,0,-17.0,-14.0,0.2972548007965088,154.67889274604468,86,-57,-163,891,422,1254,811,37
-13,-13,0,-13.0,-13.0,0.30529189109802246,138.32018423735306,86,-44,-150,891,422,1254,811,37
-12,-10,0,-12.0,-10.0,0.31333088874816895,125.61058456812992,86,-32,-140,891,422,1254,811,37
-9,-9,0,-9.0,-9.0,0.32137489318847656,115.00375934536586,86,-23,-131,891,422,1254,811,37
-9,-8,0,-9.0,-8.0,0.32918477058410645,105.79418403139947,86,-14,-123,891,422,1254,811,37
-6,-8,0,-6.0,-8.0,0.3373289108276367,97.27792503337315,86,-8,-115,891,422,1254,811,37
-5,-9,0,-5.0,-9.0,0.3453679084777832,88.04244433244644,86,-3,-106,891,422,1254,811,37
-5,-11,0,-5.0,-11.0,0.3532989025115967,77.02105029939419,86,2,-95,891,422,1254,811,37
-6,-11,0,-6.0,-11.0,0.36122679710388184,66.38009243891595,86,8,-84,891,422,1254,811,37
-5,-10,0,-5.0,-10.0,0.36923980712890625,57.13321502504735,86,13,-74,891,422,1254,811,37
-4,-8,0,-4.0,-8.0,0.37731075286865234,50.15423684555495,86,17,-66,891,422,1254,811,37
-2,-5,0,-2.0,-5.0,0.3852417469024658,45.89053137985315,86,19,-61,891,422,1254,811,37
-2,-4,0,-2.0,-4.0,0.3933088779449463,42.74537019394976,86,21,-57,891,422,1254,811,37
-2,-3,0,-2.0,-3.0,0.4012007713317871,40.69412236331676,86,23,-54,891,422,1254,811,37
-1,-4,0,-1.0,-4.0,0.4094059467315674,37.46169849544819,86,24,-50,891,422,1254,811,37
-1,-3,0,-1.0,-3.0,0.4173097610473633,35.23532661682466,86,25,-47,891,422,1254,811,37
0,-3,0,-0.0,-3.0,0.425217866897583,32.60632371551998,86,25,-44,891,422,1254,811,37
0,-3,0,-0.0,-3.0,0.43326282501220703,30.020828814171878,86,25,-41,891,422,1254,811,37
0,-3,0,-0.0,-3.0,0.4411327838897705,27.486261662176638,86,25,-38,891,422,1254,811,37
0,-1,0,-0.0,-1.0,0.4492518901824951,26.654227123532216,86,25,-37,891,422,1254,811,37
0,-1,0,-0.0,-1.0,0.45726990699768066,25.829214001622255,86,25,-36,891,422,1254,811,37
0,-1,0,-0.0,-1.0,0.4653017520904541,25.011626335213137,86,25,-35,891,422,1254,811,37
1,-2,0,1.0,-2.0,0.47329282760620117,22.80441152620633,86,24,-33,891,422,1254,811,37
1,-1,0,1.0,-1.0,0.489149808883667,21.408120990476064,86,23,-32,891,422,1254,811,37
0,-1,0,-0.0,-1.0,0.497269868850708,20.600518131237564,86,23,-31,891,422,1254,811,37
1,0,0,1.0,-0.0,0.5053527355194092,20.013155617496423,86,22,-31,891,422,1254,811,37
1,-1,0,1.0,-1.0,0.5212807655334473,18.61966684720111,86,21,-30,891,422,1254,811,37
1,0,0,1.0,-0.0,0.5293457508087158,18.055512754639892,86,20,-30,891,422,1254,811,37
1,-1,0,1.0,-1.0,0.5452487468719482,16.66987164671943,86,19,-29,891,422,1254,811,37
2,0,0,2.0,-0.0,0.5532839298248291,15.61547262794322,86,17,-29,891,422,1254,811,37
1,-1,0,1.0,-1.0,0.5613367557525635,14.249030993194197,86,16,-28,891,422,1254,811,37
1,-1,0,1.0,-1.0,0.5692267417907715,12.886890422961002,86,15,-27,891,422,1254,811,37
1,0,0,1.0,-0.0,0.5773108005523682,12.4138126514911,86,14,-27,891,422,1254,811,37
1,-1,0,1.0,-1.0,0.5853047370910645,11.068883707497267,86,13,-26,891,422,1254,811,37
2,-1,0,2.0,-1.0,0.5933837890625,9.313000567495326,86,11,-25,891,422,1254,811,37
0,-1,0,-0.0,-1.0,0.6012768745422363,8.40075756488817,86,11,-24,891,422,1254,811,37
0,-1,0,-0.0,-1.0,0.6093018054962158,7.495097567963924,86,11,-23,891,422,1254,811,37
1,0,0,1.0,-0.0,0.6171548366546631,7.079872407968907,86,10,-23,891,422,1254,811,37
0,0,1,-0.0,-0.0,0.64438796043396,7.079872407968907,86,10,-23,891,422,1254,811,37
1,0,1,1.0,-0.0,0.08902192115783691,291.97507691408066,87,-184,-263,698,182,881,445,58
3,2,1,3.0,2.0,0.09700608253479004,295.33624527641064,87,-187,-265,698,182,881,445,58
0,0,0,-0.0,-0.0,0.10074806213378906,295.33624527641064,87,-187,-265,698,182,881,445,58
2,4,0,2.0,4.0,0.10500407218933105,299.7582698579611,87,-189,-269,698,182,881,445,58
5,4,0,5.0,4.0,0.11311602592468262,305.91043578843585,87,-194,-273,698,182,881,445,58
3,5,0,3.0,5.0,0.12090206146240234,311.72422866594036,87,-197,-278,698,182,881,445,58
4,5,0,4.0,5.0,0.12900400161743164,318.1166950753017,87,-201,-283,698,182,881,445,58
5,4,0,5.0,4.0,0.1369490623474121,324.27751131369797,87,-206,-287,698,182,881,445,58
6,5,0,6.0,5.0,0.14490389823913574,331.84345636300515,87,-212,-292,698,182,881,445,58
5,5,0,5.0,5.0,0.15300512313842773,338.8287645087045,87,-217,-297,698,182,881,445,58
5,3,0,5.0,3.0,0.1610240936279297,344.2077169620157,87,-222,-300,698,182,881,445,58
3,1,0,3.0,1.0,0.16902589797973633,346.80047897787466,87,-225,-301,698,182,881,445,58
1,1,0,1.0,1.0,0.17708992958068848,348.2002120890178,87,-226,-302,698,182,881,445,58
0,-1,0,-0.0,-1.0,0.23289990425109863,347.4000531349591,87,-226,-301,698,182,881,445,58
-1,-8,0,-1.0,-8.0,0.24106192588806152,340.42387578498494,87,-225,-293,698,182,881,445,58
-2,-10,0,-2.0,-10.0,0.24912095069885254,331.30265055922087,87,-223,-283,698,182,881,445,58
-3,-14,0,-3.0,-14.0,0.2569549083709717,318.5068344651656,87,-220,-269,698,182,881,445,58
-5,-16,0,-5.0,-16.0,0.264909029006958,303.01505989939676,87,-215,-253,698,182,881,445,58
-8,-18,0,-8.0,-18.0,0.27289700508117676,284.16768671112925,87,-207,-235,698,182,881,445,58
-9,-17,0,-9.0,-17.0,0.2809479236602783,265.4961799412685,87,-198,-218,698,182,881,445,58
-10,-18,0,-10.0,-18.0,0.2890799045562744,245.4886154287642,87,-188,-200,698,182,881,445,58
-10,-16,0,-10.0,-16.0,0.2969651222229004,227.00781238079435,87,-178,-184,698,182,881,445,58
-10,-15,0,-10.0,-15.0,0.3050100803375244,209.29603437741048,87,-168,-169,698,182,881,445,58
-10,-15,0,-10.0,-15.0,0.3130180835723877,191.6354459283458,87,-158,-154,698,182,881,445,58
-11,-13,0,-11.0,-13.0,0.3210299015045166,174.69094236121546,87,-147,-141,698,182,881,445,58
-8,-13,0,-8.0,-13.0,0.32886695861816406,159.95766721676048,87,-139,-128,698,182,881,445,58
-9,-12,0,-9.0,-12.0,0.3368840217590332,145.22973339817747,87,-130,-116,698,182,881,445,58
-8,-12,0,-8.0,-12.0,0.345142126083374,131.31219541881399,87,-122,-104,698,182,881,445,58
-8,-9,0,-8.0,-9.0,0.3528869152069092,119.39474384222643,87,-114,-95,698,182,881,445,58
-7,-8,0,-7.0,-8.0,0.36095595359802246,108.90576492663388,87,-107,-87,698,182,881,445,58
-7,-8,0,-7.0,-8.0,0.3690629005432129,98.4401820463232,87,-100,-79,698,182,881,445,58
-7,-6,0,-7.0,-6.0,0.3770890235900879,89.2285921425101,87,-93,-73,698,182,881,445,58
-7,-6,0,-7.0,-6.0,0.3850100040435791,80.01834707974616,87,-86,-67,698,182,881,445,58
-9,-5,0,-9.0,-5.0,0.3929920196533203,69.85848471426213,87,-77,-62,698,182,881,445,58
-7,-5,0,-7.0,-5.0,0.40094709396362305,61.27181176868004,87,-70,-57,698,182,881,445,58
-8,-5,0,-8.0,-5.0,0.4088759422302246,51.91971329657564,87,-62,-52,698,182,881,445,58
-7,-5,0,-7.0,-5.0,0.4169199466705322,43.34638899074369,87,-55,-47,698,182,881,445,58
-7,-5,0,-7.0,-5.0,0.42488694190979004,34.7808748764079,87,-48,-42,698,182,881,445,58
-9,-5,0,-9.0,-5.0,0.43296289443969727,24.75872022286245,87,-39,-37,698,182,881,445,58
-9,-5,0,-9.0,-5.0,0.44087696075439453,14.863424398922618,87,-30,-32,698,182,881,445,58
-8,-3,0,-8.0,-3.0,0.4489469528198242,7.400549446402593,87,-22,-29,698,182,881,445,58
-7,-3,0,-7.0,-3.0,0.45694589614868164,1.0166620396072688,87,-15,-26,698,182,881,445,58
-5,-3,0,-5.0,-3.0,0.4651210308074951,-3.9201275920310934,87,-10,-23,698,182,881,445,58
-3,-1,0,-3.0,-1.0,0.4731779098510742,-5.913207238769608,87,-7,-22,698,182,881,445,58
-4,0,0,-4.0,-0.0,0.480989933013916,-6.796396688825482,87,-3,-22,698,182,881,445,58
-2,-1,0,-2.0,-1.0,0.48902201652526855,-7.976203958371361,87,-1,-21,698,182,881,445,58
-2,0,0,-2.0,-0.0,0.49698400497436523,-7.976203958371361,87,1,-21,698,182,881,445,58
-1,0,0,-1.0,-0.0,0.5050809383392334,-7.904976890271012,87,2,-21,698,182,881,445,58
0,0,1,-0.0,-0.0,0.5248839855194092,-7.904976890271012,87,2,-21,698,182,881,445,58
0,0,0,-0.0,-0.0,0.05958223342895508,483.54959058064526,88,-50,489,646,692,696,203,17
-1,0,0,-1.0,-0.0,0.197587251663208,483.4488783179793,88,-49,489,646,692,696,203,17
-5,7,0,-5.0,7.0,0.20550823211669922,476.0041322137653,88,-44,482,646,692,696,203,17
-6,12,0,-6.0,12.0,0.2134232521057129,463.53366793899244,88,-38,470,646,692,696,203,17
-5,16,0,-5.0,16.0,0.2213582992553711,447.1977592211983,88,-33,454,646,692,696,203,17
-3,17,0,-3.0,17.0,0.22938227653503418,430.0285378830927,88,-30,437,646,692,696,203,17
-4,18,0,-4.0,18.0,0.23738527297973633,411.80590753346956,88,-26,419,646,692,696,203,17
-3,20,0,-3.0,20.0,0.24531936645507812,391.66235749692515,88,-23,399,646,692,696,203,17
-4,20,0,-4.0,20.0,0.25350236892700195,371.47595444243893,88,-19,379,646,692,696,203,17
0,18,0,-0.0,18.0,0.2613492012023926,353.4996542183685,88,-19,361,646,692,696,203,17
0,16,0,-0.0,16.0,0.26946020126342773,337.52279230175253,88,-19,345,646,692,696,203,17
1,19,0,1.0,19.0,0.2775583267211914,318.6129207487052,88,-20,326,646,692,696,203,17
0,20,0,-0.0,20.0,0.28551721572875977,298.65289824164387,88,-20,306,646,692,696,203,17
0,23,0,-0.0,23.0,0.2934243679046631,275.70583356709466,88,-20,283,646,692,696,203,17
-1,24,0,-1.0,24.0,0.30158519744873047,251.6959760951255,88,-19,259,646,692,696,203,17
0,20,0,-0.0,20.0,0.30951523780822754,231.75404063331237,88,-19,239,646,692,696,203,17
-1,20,0,-1.0,20.0,0.3175063133239746,211.73848092675985,88,-18,219,646,692,696,203,17
0,19,0,-0.0,19.0,0.3253321647644043,192.80836635957178,88,-18,200,646,692,696,203,17
-1,18,0,-1.0,18.0,0.3333752155303955,174.7922317824256,88,-17,182,646,692,696,203,17
-1,19,0,-1.0,19.0,0.3414163589477539,155.783393541592,88,-16,163,646,692,696,203,17
-1,18,0,-1.0,18.0,0.34957218170166016,137.7737973711325,88,-15,145,646,692,696,203,17
0,18,0,-0.0,18.0,0.35747337341308594,119.88275880665071,88,-15,127,646,692,696,203,17
-1,18,0,-1.0,18.0,0.36538219451904297,101.89540481748998,88,-14,109,646,692,696,203,17
0,16,0,-0.0,16.0,0.37348031997680664,86.04786015641186,88,-14,93,646,692,696,203,17
0,13,0,-0.0,13.0,0.3814983367919922,73.21576201698781,88,-14,80,646,692,696,203,17
0,11,0,-0.0,11.0,0.3893563747406006,62.40596565632774,88,-14,69,646,692,696,203,17
0,10,0,-0.0,10.0,0.3973512649536133,52.63827174318213,88,-14,59,646,692,696,203,17
0,8,0,-0.0,8.0,0.4053483009338379,44.88667128870941,88,-14,51,646,692,696,203,17
0,9,0,-0.0,9.0,0.4133753776550293,36.27188724235731,88,-14,42,646,692,696,203,17
0,9,0,-0.0,9.0,0.42147231101989746,27.84689665786984,88,-14,33,646,692,696,203,17
0,8,0,-0.0,8.0,0.42949533462524414,20.653097563788805,88,-14,25,646,692,696,203,17
0,8,0,-0.0,8.0,0.4376392364501953,14.022715545545239,88,-14,17,646,692,696,203,17
0,6,0,-0.0,6.0,0.4455833435058594,9.804493814764857,88,-14,11,646,692,696,203,17
0,5,0,-0.0,5.0,0.45342016220092773,7.231546211727817,88,-14,6,646,692,696,203,17
0,6,0,-0.0,6.0,0.4615132808685303,6.0,88,-14,0,646,692,696,203,17
0,6,0,-0.0,6.0,0.469407320022583,7.231546211727817,88,-14,-6,646,692,696,203,17
0,3,0,-0.0,3.0,0.4773252010345459,8.643316977093239,88,-14,-9,646,692,696,203,17
1,4,0,1.0,4.0,0.4853942394256592,11.849433241279208,88,-15,-13,646,692,696,203,17
0,2,0,-0.0,2.0,0.4935433864593506,13.213203435596427,88,-15,-15,646,692,696,203,17
0,1,0,-0.0,1.0,0.5014662742614746,13.931712199461309,88,-15,-16,646,692,696,203,17
0,1,0,-0.0,1.0,0.5096063613891602,14.671568097509269,88,-15,-17,646,692,696,203,17
0,2,0,-0.0,2.0,0.5176172256469727,16.20743687382041,88,-15,-19,646,692,696,203,17
-1,0,0,-1.0,-0.0,0.5255742073059082,15.600847442411894,88,-14,-19,646,692,696,203,17
0,1,0,-0.0,1.0,0.5334603786468506,16.413111231467404,88,-14,-20,646,692,696,203,17
-1,1,0,-1.0,1.0,0.5414812564849854,16.698178070456937,88,-13,-21,646,692,696,203,17
-1,0,0,-1.0,-0.0,0.549490213394165,16.186773244895647,88,-12,-21,646,692,696,203,17
-1,0,0,-1.0,-0.0,0.5575442314147949,15.706539182259394,88,-11,-21,646,692,696,203,17
-1,0,0,-1.0,-0.0,0.5655233860015869,15.259406699226016,88,-10,-21,646,692,696,203,17
-2,0,0,-2.0,-0.0,0.5735092163085938,14.472205054244231,88,-8,-21,646,692,696,203,17
-2,-1,0,-2.0,-1.0,0.5814793109893799,12.880613017821101,88,-6,-20,646,692,696,203,17
-3,0,0,-3.0,-0.0,0.5894982814788818,12.223748416156685,88,-3,-20,646,692,696,203,17
-5,-2,0,-5.0,-2.0,0.5975222587585449,10.110770276274835,88,2,-18,646,692,696,203,17
-2,-3,0,-2.0,-3.0,0.605431318283081,7.524174696260024,88,4,-15,646,692,696,203,17
0,-2,0,-0.0,-2.0,0.6133842468261719,5.601470508735444,88,4,-13,646,692,696,203,17
0,-4,0,-0.0,-4.0,0.6213881969451904,1.848857801796104,88,4,-9,646,692,696,203,17
0,-3,0,-0.0,-3.0,0.629345178604126,-0.7888974490720218,88,4,-6,646,692,696,203,17
0,-1,0,-0.0,-1.0,0.6374151706695557,-1.5968757625671515,88,4,-5,646,692,696,203,17
0,-1,0,-0.0,-1.0,0.6455323696136475,-2.3431457505076194,88,4,-4,646,692,696,203,17
0,-1,0,-0.0,-1.0,0.6614651679992676,-3.0,88,4,-3,646,692,696,203,17
1,-1,0,1.0,-1.0,0.6694211959838867,-4.39444872453601,88,3,-2,646,692,696,203,17
1,-3,0,1.0,-3.0,0.6773722171783447,-5.76393202250021,88,2,1,646,692,696,203,17
2,0,0,2.0,-0.0,0.6854941844940186,-7.0,88,0,1,646,692,696,203,17
0,-1,0,-0.0,-1.0,0.6934442520141602,-6.0,88,0,2,646,692,696,203,17
0,-1,0,-0.0,-1.0,0.701451301574707,-5.0,88,0,3,646,692,696,203,17
0,0,1,-0.0,-0.0,0.7243561744689941,-5.0,88,0,3,646,692,696,203,17
0,0,0,-0.0,-0.0,0.09420251846313477,639.2317413147,89,-632,130,14,819,646,689,12
1,0,0,1.0,-0.0,0.1182706356048584,640.2112657637593,89,-633,130,14,819,646,689,12
1,-2,0,1.0,-2.0,0.1263444423675537,641.5955527951069,89,-634,132,14,819,646,689,12
2,-4,0,2.0,-4.0,0.1342306137084961,644.3783514232312,89,-636,136,14,819,646,689,12
1,-4,0,1.0,-4.0,0.14229345321655273,646.2031891979676,89,-637,140,14,819,646,689,12
1,-6,0,1.0,-6.0,0.15026044845581055,648.492169548269,89,-638,146,14,819,646,689,12
3,-9,0,3.0,-9.0,0.15842151641845703,653.4740328473897,89,-641,155,14,819,646,689,12
3,-9,0,3.0,-9.0,0.16634249687194824,658.5539857678983,89,-644,164,14,819,646,689,12
2,-7,0,2.0,-7.0,0.17420244216918945,662.249205012621,89,-646,171,14,819,646,689,12
3,-9,0,3.0,-9.0,0.18225765228271484,667.4990720112389,89,-649,180,14,819,646,689,12
1,-9,0,1.0,-9.0,0.19040155410766602,670.9202316373769,89,-650,189,14,819,646,689,12
1,-9,0,1.0,-9.0,0.19848155975341797,674.4447075258944,89,-651,198,14,819,646,689,12
-1,-11,0,-1.0,-11.0,0.20642757415771484,676.7744869281511,89,-650,209,14,819,646,689,12
-2,-9,0,-2.0,-9.0,0.2143385410308838,677.6870629169459,89,-648,218,14,819,646,689,12
-3,-8,0,-3.0,-8.0,0.22233343124389648,677.4478765787484,89,-645,226,14,819,646,689,12
-5,-6,0,-5.0,-6.0,0.23052644729614258,674.7525247841538,89,-640,232,14,819,646,689,12
-5,-4,0,-5.0,-4.0,0.23842453956604004,671.4370819493129,89,-635,236,14,819,646,689,12
-4,-2,0,-4.0,-2.0,0.24635052680969238,668.3923190547176,89,-631,238,14,819,646,689,12
-2,0,0,-2.0,-0.0,0.2542445659637451,666.5213751249844,89,-629,238,14,819,646,689,12
-2,0,0,-2.0,-0.0,0.26221466064453125,664.6511760967843,89,-627,238,14,819,646,689,12
-3,0,0,-3.0,-0.0,0.2704465389251709,661.8472879334017,89,-624,238,14,819,646,689,12
-6,3,0,-6.0,3.0,0.27837443351745605,655.1724434669068,89,-618,235,14,819,646,689,12
-8,5,0,-8.0,5.0,0.2864036560058594,645.9202405202649,89,-610,230,14,819,646,689,12
-9,8,0,-9.0,8.0,0.2942545413970947,634.6910331821415,89,-601,222,14,819,646,689,12
-11,10,0,-11.0,10.0,0.30231261253356934,620.9322132415912,89,-590,212,14,819,646,689,12
-13,11,0,-13.0,11.0,0.310321569442749,605.007364931062,89,-577,201,14,819,646,689,12
-15,13,0,-15.0,13.0,0.3183934688568115,586.6111710050698,89,-562,188,14,819,646,689,12
-22,15,0,-22.0,15.0,0.32633256912231445,561.0352722714875,89,-540,173,14,819,646,689,12
-25,15,0,-25.0,15.0,0.3342554569244385,532.6919342258616,89,-515,158,14,819,646,689,12
-27,16,0,-27.0,16.0,0.3423604965209961,502.240100739798,89,-488,142,14,819,646,689,12
-28,15,0,-28.0,15.0,0.35034656524658203,471.2095975564616,89,-460,127,14,819,646,689,12
-29,15,0,-29.0,15.0,0.35834646224975586,439.31449560956355,89,-431,112,14,819,646,689,12
-31,15,0,-31.0,15.0,0.36625146865844727,405.59324581435976,89,-400,97,14,819,646,689,12
-28,13,0,-28.0,13.0,0.37442564964294434,375.3659659696969,89,-372,84,14,819,646,689,12
-27,11,0,-27.0,11.0,0.38233160972595215,346.63862522418043,89,-345,73,14,819,646,689,12
-25,10,0,-25.0,10.0,0.3902885913848877,320.1426068455331,89,-320,63,14,819,646,689,12
-21,9,0,-21.0,9.0,0.3982856273651123,297.83712742191335,89,-299,54,14,819,646,689,12
-18,7,0,-18.0,7.0,0.4064514636993408,278.9034924320866,89,-281,47,14,819,646,689,12
-15,6,0,-15.0,6.0,0.4142136573791504,263.14122686797725,89,-266,41,14,819,646,689,12
-14,5,0,-14.0,5.0,0.42230844497680664,248.55844122715712,89,-252,36,14,819,646,689,12
-11,4,0,-11.0,4.0,0.4303445816040039,237.11519903124116,89,-241,32,14,819,646,689,12
-10,3,0,-10.0,3.0,0.4383385181427002,226.81322986462774,89,-231,29,14,819,646,689,12
-11,3,0,-11.0,3.0,0.44640254974365234,215.53103620034824,89,-220,26,14,819,646,689,12
-11,2,0,-11.0,2.0,0.4544224739074707,204.3734774157617,89,-209,24,14,819,646,689,12
-11,2,0,-11.0,2.0,0.46225452423095703,193.21847303902317,89,-198,22,14,819,646,689,12
-10,1,0,-10.0,1.0,0.47029662132263184,183.16923639957952,89,-188,21,14,819,646,689,12
-9,0,0,-9.0,-0.0,0.47827863693237305,174.22763384120648,89,-179,21,14,819,646,689,12
-11,0,0,-11.0,-0.0,0.4862666130065918,163.30741271426953,89,-168,21,14,819,646,689,12
-13,0,0,-13.0,-0.0,0.4943525791168213,150.41611170208776,89,-155,21,14,819,646,689,12
-12,0,0,-12.0,-0.0,0.5023884773254395,138.53373308677806,89,-143,21,14,819,646,689,12
-12,-1,0,-12.0,-1.0,0.5103836059570312,126.83448347473634,89,-131,22,14,819,646,689,12
-11,-1,0,-11.0,-1.0,0.5183315277099609,116.18428704215611,89,-120,23,14,819,646,689,12
-8,-1,0,-8.0,-1.0,0.5263395309448242,108.54256850621083,89,-112,24,14,819,646,689,12
-9,-2,0,-9.0,-2.0,0.5344185829162598,100.23088063270491,89,-103,26,14,819,646,689,12
-6,-2,0,-6.0,-2.0,0.5423614978790283,94.96038827183659,89,-97,28,14,819,646,689,12
-6,0,0,-6.0,-0.0,0.5504274368286133,89.2102935611481,89,-91,28,14,819,646,689,12
-5,-2,0,-5.0,-2.0,0.5583536624908447,85.0823802938856,89,-86,30,14,819,646,689,12
-6,-1,0,-6.0,-1.0,0.5663044452667236,79.7962703152066,89,-80,31,14,819,646,689,12
-7,-1,0,-7.0,-1.0,0.5744595527648926,73.7057087039567,89,-73,32,14,819,646,689,12
-8,-1,0,-8.0,-1.0,0.5823445320129395,66.89718787443039,89,-65,33,14,819,646,689,12
-8,0,0,-8.0,-0.0,0.590355634689331,59.86349520030045,89,-57,33,14,819,646,689,12
-5,-1,0,-5.0,-1.0,0.598395586013794,56.12889826803627,89,-52,34,14,819,646,689,12
-5,0,0,-5.0,-0.0,0.6062865257263184,52.008620049092706,89,-47,34,14,819,646,689,12
-4,0,0,-4.0,-0.0,0.6142444610595703,48.817880294662984,89,-43,34,14,819,646,689,12
-3,0,0,-3.0,-0.0,0.622281551361084,46.49761899362675,89,-40,34,14,819,646,689,12
-3,0,0,-3.0,-0.0,0.6303646564483643,44.24937810560445,89,-37,34,14,819,646,689,12
-2,1,0,-2.0,1.0,0.6384196281433105,42.104053883222775,89,-35,33,14,819,646,689,12
-2,0,0,-2.0,-0.0,0.6463196277618408,40.66904755831214,89,-33,33,14,819,646,689,12
-3,2,0,-3.0,2.0,0.6543495655059814,37.139309220245984,89,-30,31,14,819,646,689,12
-3,1,0,-3.0,1.0,0.6623334884643555,34.36087214122113,89,-27,30,14,819,646,689,12
-4,2,0,-4.0,2.0,0.6703956127166748,30.235341863986875,89,-23,28,14,819,646,689,12
-5,2,0,-5.0,2.0,0.6785104274749756,25.622776601683793,89,-18,26,14,819,646,689,12
-4,2,0,-4.0,2.0,0.6862714290618896,21.784887978899608,89,-14,24,14,819,646,689,12
-3,2,0,-3.0,2.0,0.6943056583404541,18.596747752497688,89,-11,22,14,819,646,689,12
-3,1,0,-3.0,1.0,0.7024264335632324,16.47220505424423,89,-8,21,14,819,646,689,12
-4,2,0,-4.0,2.0,0.7103595733642578,13.4164878389476,89,-4,19,14,819,646,689,12
-3,2,0,-3.0,2.0,0.7183146476745605,11.029386365926403,89,-1,17,14,819,646,689,12
-5,2,0,-5.0,2.0,0.726374626159668,9.524174696260024,89,4,15,14,819,646,689,12
-3,2,0,-3.0,2.0,0.7343225479125977,8.7648230602334,89,7,13,14,819,646,689,12
-2,1,0,-2.0,1.0,0.7422926425933838,9.0,89,9,12,14,819,646,689,12
-1,1,0,-1.0,1.0,0.7502095699310303,8.866068747318506,89,10,11,14,819,646,689,12
0,0,1,-0.0,-0.0,0.875246524810791,8.866068747318506,89,10,11,14,819,646,689,12
0,0,0,-0.0,-0.0,0.9642245769500732,8.866068747318506,89,10,11,14,819,646,689,12
2,1,0,2.0,1.0,1.0147225856781006,6.806248474865697,89,8,10,14,819,646,689,12
1,0,0,1.0,-0.0,1.0223755836486816,6.206555615733702,89,7,10,14,819,646,689,12
2,1,0,2.0,1.0,1.0304386615753174,4.295630140987001,89,5,9,14,819,646,689,12
2,2,0,2.0,2.0,1.0382394790649414,1.6157731058639087,89,3,7,14,819,646,689,12
2,1,0,2.0,1.0,1.0463745594024658,0.08276253029821934,89,1,6,14,819,646,689,12
1,2,0,1.0,2.0,1.0544486045837402,-2.0,89,0,4,14,819,646,689,12
1,1,0,1.0,1.0,1.0623555183410645,-2.8377223398316205,89,-1,3,14,819,646,689,12
1,1,0,1.0,1.0,1.0703845024108887,-3.1715728752538097,89,-2,2,14,819,646,689,12
2,2,0,2.0,2.0,1.0783865451812744,-2.0,89,-4,0,14,819,646,689,12
0,1,0,-0.0,1.0,1.0865545272827148,-1.8768943743823394,89,-4,-1,14,819,646,689,12
1,1,0,1.0,1.0,1.0946204662322998,-0.6148351928654963,89,-5,-2,14,819,646,689,12
0,1,0,-0.0,1.0,1.1022796630859375,-0.16904810515469926,89,-5,-3,14,819,646,689,12
0,0,1,-0.0,-0.0,1.1282975673675537,-0.16904810515469926,89,-5,-3,14,819,646,689,12
0,0,0,-0.0,-0.0,0.08217215538024902,387.0930413688631,90,378,-140,397,682,19,822,33
1,0,0,1.0,-0.0,0.13636136054992676,386.1554425840834,90,377,-140,397,682,19,822,33
4,0,0,4.0,-0.0,0.14429426193237305,382.4080822473359,90,373,-140,397,682,19,822,33
4,-1,0,4.0,-1.0,0.1522362232208252,378.31205916126885,90,369,-139,397,682,19,822,33
4,-1,0,4.0,-1.0,0.1602792739868164,374.2166065148945,90,365,-138,397,682,19,822,33
6,-3,0,6.0,-3.0,0.16823935508728027,367.5440000834324,90,359,-135,397,682,19,822,33
8,-4,0,8.0,-4.0,0.1764543056488037,358.64916922368855,90,351,-131,397,682,19,822,33
10,-4,0,10.0,-4.0,0.1843571662902832,347.8818489564985,90,341,-127,397,682,19,822,33
12,-6,0,12.0,-6.0,0.19228529930114746,334.5452895133523,90,329,-121,397,682,19,822,33
18,-6,0,18.0,-6.0,0.2001183032989502,315.58106097906136,90,311,-115,397,682,19,822,33
23,-6,0,23.0,-6.0,0.20827031135559082,291.9366818032564,90,288,-109,397,682,19,822,33
26,-8,0,26.0,-8.0,0.21631932258605957,264.79351844371337,90,262,-101,397,682,19,822,33
29,-6,0,29.0,-6.0,0.2242431640625,235.62273347215668,90,233,-95,397,682,19,822,33
26,-5,0,26.0,-5.0,0.23226022720336914,209.71885167172013,90,207,-90,397,682,19,822,33
21,-3,0,21.0,-3.0,0.24027132987976074,189.34117950377123,90,186,-87,397,682,19,822,33
18,-3,0,18.0,-3.0,0.2483372688293457,171.82971010998233,90,168,-84,397,682,19,822,33
11,-2,0,11.0,-2.0,0.2563052177429199,161.12425017484196,90,157,-82,397,682,19,822,33
8,-2,0,8.0,-2.0,0.2642703056335449,153.11830178901394,90,149,-80,397,682,19,822,33
7,-1,0,7.0,-1.0,0.2721681594848633,146.49615380063616,90,142,-79,397,682,19,822,33
6,-2,0,6.0,-2.0,0.28026723861694336,140.28499608087785,90,136,-77,397,682,19,822,33
5,-3,0,5.0,-3.0,0.28824424743652344,134.45597362683876,90,131,-74,397,682,19,822,33
6,-4,0,6.0,-4.0,0.29630231857299805,127.26548781894402,90,125,-70,397,682,19,822,33
7,-4,0,7.0,-4.0,0.304288387298584,119.20355024924456,90,118,-66,397,682,19,822,33
6,-4,0,6.0,-4.0,0.3122522830963135,112.01562404644207,90,112,-62,397,682,19,822,33
5,-4,0,5.0,-4.0,0.32016730308532715,105.70866854912184,90,107,-58,397,682,19,822,33
5,-2,0,5.0,-2.0,0.3281712532043457,100.36150566231085,90,102,-56,397,682,19,822,33
3,-2,0,3.0,-2.0,0.3362243175506592,96.76967677527502,90,99,-54,397,682,19,822,33
2,-1,0,2.0,-1.0,0.34417033195495605,94.5350623105628,90,97,-53,397,682,19,822,33
2,-1,0,2.0,-1.0,0.36028337478637695,92.30050784737807,90,95,-52,397,682,19,822,33
2,-2,0,2.0,-2.0,0.3682432174682617,89.58882516630251,90,93,-50,397,682,19,822,33
2,-2,0,2.0,-2.0,0.37636518478393555,86.88342918079665,90,91,-48,397,682,19,822,33
4,-2,0,4.0,-2.0,0.38428616523742676,82.41239759298622,90,87,-46,397,682,19,822,33
3,-3,0,3.0,-3.0,0.3923451900482178,78.36630754670864,90,84,-43,397,682,19,822,33
4,-3,0,4.0,-3.0,0.40041232109069824,73.44271909999159,90,80,-40,397,682,19,822,33
5,-4,0,5.0,-4.0,0.40825629234313965,67.19254774317228,90,75,-36,397,682,19,822,33
6,-4,0,6.0,-4.0,0.4162783622741699,60.05918747922567,90,69,-32,397,682,19,822,33
6,-4,0,6.0,-4.0,0.4242231845855713,52.94200461257273,90,63,-28,397,682,19,822,33
4,-4,0,4.0,-4.0,0.432192325592041,47.694583757176716,90,59,-24,397,682,19,822,33
4,-3,0,4.0,-3.0,0.4402182102203369,42.872744118140105,90,55,-21,397,682,19,822,33
3,-2,0,3.0,-2.0,0.44817423820495605,39.362442142665635,90,52,-19,397,682,19,822,33
3,-1,0,3.0,-1.0,0.45633530616760254,36.20153254455275,90,49,-18,397,682,19,822,33
3,-2,0,3.0,-2.0,0.46428418159484863,32.703182647543684,90,46,-16,397,682,19,822,33
3,-1,0,3.0,-1.0,0.4722912311553955,29.541190146942803,90,43,-15,397,682,19,822,33
3,-2,0,3.0,-2.0,0.4802572727203369,26.059481689626182,90,40,-13,397,682,19,822,33
2,-1,0,2.0,-1.0,0.48841023445129395,23.84971769034255,90,38,-12,397,682,19,822,33
2,-1,0,2.0,-1.0,0.496232271194458,21.64306044943742,90,36,-11,397,682,19,822,33
1,-1,0,1.0,-1.0,0.5043323040008545,20.400549446402593,90,35,-10,397,682,19,822,33
1,-1,0,1.0,-1.0,0.5122642517089844,19.17101079013795,90,34,-9,397,682,19,822,33
2,0,0,2.0,-0.0,0.5202653408050537,17.241540277189323,90,32,-9,397,682,19,822,33
1,-1,0,1.0,-1.0,0.5282862186431885,16.015621187164243,90,31,-8,397,682,19,822,33
2,-1,0,2.0,-1.0,0.5363051891326904,13.832867780352597,90,29,-7,397,682,19,822,33
1,0,0,1.0,-0.0,0.5443432331085205,12.861739379323623,90,28,-7,397,682,19,822,33
1,0,0,1.0,-0.0,0.5522372722625732,11.892651361962706,90,27,-7,397,682,19,822,33
2,-1,0,2.0,-1.0,0.5602843761444092,9.709920264364882,90,25,-6,397,682,19,822,33
1,-1,0,1.0,-1.0,0.5762512683868408,8.515301344262525,90,24,-5,397,682,19,822,33
1,0,0,1.0,-0.0,0.5842821598052979,7.5372045918796395,90,23,-5,397,682,19,822,33
0,0,1,-0.0,-0.0,0.6151123046875,7.5372045918796395,90,23,-5,397,682,19,822,33
1,0,1,1.0,-0.0,-0.0034575462341308594,372.31514862234707,91,154,-376,529,311,374,687,68
1,0,1,1.0,-0.0,0.012626409530639648,371.93718725930984,91,153,-376,529,311,374,687,68
1,0,1,1.0,-0.0,0.028517484664916992,371.56133938037044,91,152,-376,529,311,374,687,68
0,0,0,-0.0,-0.0,0.10571050643920898,371.56133938037044,91,152,-376,529,311,374,687,68
1,0,0,1.0,-0.0,0.12475347518920898,371.18761086686743,91,151,-376,529,311,374,687,68
1,0,0,1.0,-0.0,0.14057445526123047,370.8160075886328,91,150,-376,529,311,374,687,68
1,0,0,1.0,-0.0,0.14848637580871582,370.4465354036303,91,149,-376,529,311,374,687,68
1,1,0,1.0,1.0,0.1566014289855957,371.0098764227855,91,148,-377,529,311,374,687,68
1,0,0,1.0,-0.0,0.18062353134155273,370.6455238847947,91,147,-377,529,311,374,687,68
2,0,0,2.0,-0.0,0.18865442276000977,369.92326003833944,91,145,-377,529,311,374,687,68
3,-3,0,3.0,-3.0,0.19666147232055664,366.04999687539055,91,142,-374,529,311,374,687,68
5,-3,0,5.0,-3.0,0.2045595645904541,361.4870415070512,91,137,-371,529,311,374,687,68
8,-7,0,8.0,-7.0,0.2124795913696289,352.18259929727543,91,129,-364,529,311,374,687,68
9,-7,0,9.0,-7.0,0.22069954872131348,342.6284641393956,91,120,-357,529,311,374,687,68
11,-8,0,11.0,-8.0,0.22858548164367676,331.62549145266115,91,109,-349,529,311,374,687,68
13,-12,0,13.0,-12.0,0.23662042617797852,316.4069063246328,91,96,-337,529,311,374,687,68
15,-15,0,15.0,-15.0,0.24461841583251953,298.0316249997882,91,81,-322,529,311,374,687,68
15,-18,0,15.0,-18.0,0.2526824474334717,277.0819827633867,91,66,-304,529,311,374,687,68
15,-18,0,15.0,-18.0,0.2605264186859131,256.5116176678654,91,51,-286,529,311,374,687,68
15,-19,0,15.0,-19.0,0.26859140396118164,235.4160351575236,91,36,-267,529,311,374,687,68
12,-23,0,12.0,-23.0,0.276578426361084,211.17748673155128,91,24,-244,529,311,374,687,68
13,-26,0,13.0,-26.0,0.2844994068145752,184.27734651126764,91,11,-218,529,311,374,687,68
11,-26,0,11.0,-26.0,0.2925136089324951,158.0,91,0,-192,529,311,374,687,68
11,-28,0,11.0,-28.0,0.3006885051727295,130.3684884641822,91,-11,-164,529,311,374,687,68
7,-24,0,7.0,-24.0,0.30861759185791016,107.15239990875111,91,-18,-140,529,311,374,687,68
5,-22,0,5.0,-22.0,0.3166205883026123,86.22063050907694,91,-23,-118,529,311,374,687,68
2,-16,0,2.0,-16.0,0.32468152046203613,71.01904589168576,91,-25,-102,529,311,374,687,68
2,-11,0,2.0,-11.0,0.33266544342041016,60.92101980067429,91,-27,-91,529,311,374,687,68
0,-9,0,-0.0,-9.0,0.34056639671325684,52.33075929238663,91,-27,-82,529,311,374,687,68
0,-7,0,-0.0,-7.0,0.3484785556793213,45.71198153351854,91,-27,-75,529,311,374,687,68
0,-7,0,-0.0,-7.0,0.35672760009765625,39.16419889536138,91,-27,-68,529,311,374,687,68
1,-5,0,1.0,-5.0,0.36456847190856934,34.94200461257273,91,-28,-63,529,311,374,687,68
0,-4,0,-0.0,-4.0,0.3726155757904053,31.30696746902278,91,-28,-59,529,311,374,687,68
1,-3,0,1.0,-3.0,0.3807094097137451,29.06346010171025,91,-29,-56,529,311,374,687,68
1,-3,0,1.0,-3.0,0.3886234760284424,26.901559914340453,91,-30,-53,529,311,374,687,68
0,-3,0,-0.0,-3.0,0.39661645889282227,24.309518948453004,91,-30,-50,529,311,374,687,68
1,-3,0,1.0,-3.0,0.40461254119873047,22.302753041036986,91,-31,-47,529,311,374,687,68
0,-1,0,-0.0,-1.0,0.4126245975494385,21.470712993434653,91,-31,-46,529,311,374,687,68
0,-2,0,-0.0,-2.0,0.4205515384674072,19.823786563191554,91,-31,-44,529,311,374,687,68
-1,-1,0,-1.0,-1.0,0.42850542068481445,18.43090691567332,91,-30,-43,529,311,374,687,68
-1,-1,0,-1.0,-1.0,0.4365816116333008,17.039200620699383,91,-29,-42,529,311,374,687,68
0,-1,0,-0.0,-1.0,0.44463038444519043,16.219518117958877,91,-29,-41,529,311,374,687,68
-1,0,0,-1.0,-0.0,0.45261645317077637,15.648766349225639,91,-28,-41,529,311,374,687,68
0,0,1,-0.0,-0.0,0.50455641746521,15.648766349225639,91,-28,-41,529,311,374,687,68
0,0,0,-0.0,-0.0,0.05401206016540527,405.49378693656547,92,-385,174,172,526,557,352,34
1,0,0,1.0,-0.0,0.07293415069580078,406.4052432363114,92,-386,174,172,526,557,352,34
2,0,0,2.0,-0.0,0.08104300498962402,408.22934988074377,92,-388,174,172,526,557,352,34
3,-1,0,3.0,-1.0,0.08905696868896484,411.3760030627299,92,-391,175,172,526,557,352,34
3,0,0,3.0,-0.0,0.09707498550415039,414.11599367223664,92,-394,175,172,526,557,352,34
3,0,0,3.0,-0.0,0.1050419807434082,416.8594242378515,92,-397,175,172,526,557,352,34
4,3,0,4.0,3.0,0.11303210258483887,419.3312961500699,92,-401,172,172,526,557,352,34
6,4,0,6.0,4.0,0.12094497680664062,423.31011798504016,92,-407,168,172,526,557,352,34
7,4,0,7.0,4.0,0.12903213500976562,428.2998989445203,92,-414,164,172,526,557,352,34
7,6,0,7.0,6.0,0.13692402839660645,432.67210275933286,92,-421,158,172,526,557,352,34
9,7,0,9.0,7.0,0.14505910873413086,438.7422517169107,92,-430,151,172,526,557,352,34
10,9,0,10.0,9.0,0.15308213233947754,445.3461906407362,92,-440,142,172,526,557,352,34
11,8,0,11.0,8.0,0.1610701084136963,453.48591902415103,92,-451,134,172,526,557,352,34
10,9,0,10.0,9.0,0.16906213760375977,460.64631266241344,92,-461,125,172,526,557,352,34
10,9,0,10.0,9.0,0.1770780086517334,468.0742211249738,92,-471,116,172,526,557,352,34
9,8,0,9.0,8.0,0.1850600242614746,475.0,92,-480,108,172,526,557,352,34
7,7,0,7.0,7.0,0.1929030418395996,480.36304647611286,92,-487,101,172,526,557,352,34
7,6,0,7.0,6.0,0.20100808143615723,486.05168720520163,92,-494,95,172,526,557,352,34
4,7,0,4.0,7.0,0.20899009704589844,488.7153349464499,92,-498,88,172,526,557,352,34
1,6,0,1.0,6.0,0.21698904037475586,488.69259436934607,92,-499,82,172,526,557,352,34
0,5,0,-0.0,5.0,0.22507095336914062,487.9059318328514,92,-499,77,172,526,557,352,34
0,4,0,-0.0,4.0,0.23310303688049316,487.31141172890386,92,-499,73,172,526,557,352,34
-3,4,0,-3.0,4.0,0.2411820888519287,483.77639720737636,92,-496,69,172,526,557,352,34
-6,5,0,-6.0,5.0,0.2490401268005371,477.16191678436735,92,-490,64,172,526,557,352,34
-7,4,0,-7.0,4.0,0.25716710090637207,469.7124407697013,92,-483,60,172,526,557,352,34
-12,5,0,-12.0,5.0,0.2650489807128906,457.20037958652034,92,-471,55,172,526,557,352,34
-13,5,0,-13.0,5.0,0.2729799747467041,443.7211738134031,92,-458,50,172,526,557,352,34
-16,4,0,-16.0,4.0,0.2810361385345459,427.3872185380673,92,-442,46,172,526,557,352,34
-20,4,0,-20.0,4.0,0.2891499996185303,407.084897160934,92,-422,42,172,526,557,352,34
-21,4,0,-21.0,4.0,0.2970540523529053,385.7964746618322,92,-401,38,172,526,557,352,34
-22,5,0,-22.0,5.0,0.30506300926208496,363.4339627320358,92,-379,33,172,526,557,352,34
-22,4,0,-22.0,4.0,0.3130359649658203,341.1759344232943,92,-357,29,172,526,557,352,34
-23,4,0,-23.0,4.0,0.3211979866027832,317.93432191998477,92,-334,25,172,526,557,352,34
-20,4,0,-20.0,4.0,0.3289000988006592,297.701445818096,92,-314,21,172,526,557,352,34
-21,3,0,-21.0,3.0,0.33705711364746094,276.5523803344132,92,-293,18,172,526,557,352,34
-21,3,0,-21.0,3.0,0.3448970317840576,255.4132889563209,92,-272,15,172,526,557,352,34
-22,3,0,-22.0,3.0,0.35302209854125977,233.28783430282823,92,-250,12,172,526,557,352,34
-22,2,0,-22.0,2.0,0.3610799312591553,211.21919288263203,92,-228,10,172,526,557,352,34
-22,2,0,-22.0,2.0,0.36902904510498047,189.15528128088303,92,-206,8,172,526,557,352,34
-19,1,0,-19.0,1.0,0.37706995010375977,170.13097017864254,92,-187,7,172,526,557,352,34
-18,1,0,-18.0,1.0,0.3851439952850342,152.10647533432893,92,-169,6,172,526,557,352,34
-16,0,0,-16.0,-0.0,0.3930349349975586,136.11760186209813,92,-153,6,172,526,557,352,34
-13,1,0,-13.0,1.0,0.4010310173034668,123.08925726121899,92,-140,5,172,526,557,352,34
-11,2,0,-11.0,2.0,0.40894603729248047,112.0348790056394,92,-129,3,172,526,557,352,34
-9,1,0,-9.0,1.0,0.41701698303222656,103.01666550941998,92,-120,2,172,526,557,352,34
-7,2,0,-7.0,2.0,0.4250929355621338,96.0,92,-113,0,172,526,557,352,34
-7,1,0,-7.0,1.0,0.43304896354675293,89.00471687618433,92,-106,-1,172,526,557,352,34
-6,1,0,-6.0,1.0,0.44103312492370605,83.0199980003999,92,-100,-2,172,526,557,352,34
-7,2,0,-7.0,2.0,0.44907307624816895,76.08598175880189,92,-93,-4,172,526,557,352,34
-5,2,0,-5.0,2.0,0.457050085067749,71.20430828479978,92,-88,-6,172,526,557,352,34
-4,0,0,-4.0,-0.0,0.4650459289550781,67.2140130857092,92,-84,-6,172,526,557,352,34
-4,2,0,-4.0,2.0,0.4730560779571533,63.39900496896712,92,-80,-8,172,526,557,352,34
-4,1,0,-4.0,1.0,0.48097801208496094,59.53103945458993,92,-76,-9,172,526,557,352,34
-3,0,0,-3.0,-0.0,0.48894596099853516,56.55270219373317,92,-73,-9,172,526,557,352,34
-2,0,0,-2.0,-0.0,0.49706506729125977,54.56814934033156,92,-71,-9,172,526,557,352,34
-3,0,0,-3.0,-0.0,0.5051829814910889,51.59300255857006,92,-68,-9,172,526,557,352,34
-2,0,0,-2.0,-0.0,0.5130810737609863,49.610809933523555,92,-66,-9,172,526,557,352,34
-1,0,0,-1.0,-0.0,0.5211789608001709,48.62011886609167,92,-65,-9,172,526,557,352,34
-2,0,0,-2.0,-0.0,0.5370380878448486,46.63961030678928,92,-63,-9,172,526,557,352,34
-2,0,0,-2.0,-0.0,0.5449941158294678,44.66036003787198,92,-61,-9,172,526,557,352,34
-2,0,0,-2.0,-0.0,0.5530681610107422,42.682493245507096,92,-59,-9,172,526,557,352,34
-2,-1,0,-2.0,-1.0,0.5609259605407715,40.55866572463264,92,-57,-8,172,526,557,352,34
-2,0,0,-2.0,-0.0,0.5689990520477295,38.57877292636101,92,-55,-8,172,526,557,352,34
-4,0,0,-4.0,-0.0,0.5771181583404541,34.62363799656123,92,-51,-8,172,526,557,352,34
-2,-1,0,-2.0,-1.0,0.5849630832672119,32.49747468305833,92,-49,-7,172,526,557,352,34
-2,0,0,-2.0,-0.0,0.593048095703125,30.518417482066887,92,-47,-7,172,526,557,352,34
-1,-1,0,-1.0,-1.0,0.6090469360351562,29.389654018972806,92,-46,-6,172,526,557,352,34
-1,0,0,-1.0,-0.0,0.6172170639038086,28.398237851264668,92,-45,-6,172,526,557,352,34
-1,0,0,-1.0,-0.0,0.6250181198120117,27.407206622349037,92,-44,-6,172,526,557,352,34
-1,0,0,-1.0,-0.0,0.6329970359802246,26.416586692184822,92,-43,-6,172,526,557,352,34
-1,0,0,-1.0,-0.0,0.6410460472106934,25.426406871192853,92,-42,-6,172,526,557,352,34
-2,0,0,-2.0,-0.0,0.6570439338684082,23.44749683231337,92,-40,-6,172,526,557,352,34
0,0,1,-0.0,-0.0,0.6599161624908447,23.44749683231337,92,-40,-6,172,526,557,352,34
-1,0,1,-1.0,-0.0,0.6650409698486328,22.45883931389772,92,-39,-6,172,526,557,352,34
-1,0,1,-1.0,-0.0,0.6730780601501465,21.470768123342687,92,-38,-6,172,526,557,352,34
-2,0,1,-2.0,-0.0,0.681084156036377,19.496575181789318,92,-36,-6,172,526,557,352,34
-2,0,1,-2.0,-0.0,0.6890499591827393,17.525353003264136,92,-34,-6,172,526,557,352,34
-2,0,1,-2.0,-0.0,0.6971049308776855,15.557641192199412,92,-32,-6,172,526,557,352,34
-2,1,1,-2.0,1.0,0.7049200534820557,13.805843601498726,92,-30,-7,172,526,557,352,34
-1,0,1,-1.0,-0.0,0.7129390239715576,12.832867780352597,92,-29,-7,172,526,557,352,34
-1,0,1,-1.0,-0.0,0.720905065536499,11.861739379323623,92,-28,-7,172,526,557,352,34
0,0,0,-0.0,-0.0,0.7869679927825928,11.861739379323623,92,-28,-7,172,526,557,352,34
0,1,0,-0.0,1.0,0.8330531120300293,12.120439557122072,92,-28,-8,172,526,557,352,34
0,0,1,-0.0,-0.0,0.9410300254821777,12.120439557122072,92,-28,-8,172,526,557,352,34
-2,0,1,-2.0,-0.0,0.03331589698791504,233.73047937719747,93,83,244,281,778,200,534,48
-1,1,1,-1.0,1.0,0.04114389419555664,233.1089263327899,93,84,243,281,778,200,534,48
0,0,0,-0.0,-0.0,0.08417272567749023,233.1089263327899,93,84,243,281,778,200,534,48
-1,0,0,-1.0,-0.0,0.09733390808105469,233.4373710244882,93,85,243,281,778,200,534,48
2,1,0,2.0,1.0,0.16121983528137207,231.8378392654222,93,83,242,281,778,200,534,48
5,2,0,5.0,2.0,0.16927790641784668,228.3568901377571,93,78,240,281,778,200,534,48
5,2,0,5.0,2.0,0.17721772193908691,224.94376875109768,93,73,238,281,778,200,534,48
5,2,0,5.0,2.0,0.185349702835083,221.60130292814003,93,68,236,281,778,200,534,48
8,3,0,8.0,3.0,0.19316387176513672,216.6013300046365,93,60,233,281,778,200,534,48
9,4,0,9.0,4.0,0.20118474960327148,210.61031520374377,93,51,229,281,778,200,534,48
10,5,0,10.0,5.0,0.20911169052124023,203.72132091659753,93,41,224,281,778,200,534,48
8,5,0,8.0,5.0,0.21728086471557617,197.472345903501,93,33,219,281,778,200,534,48
7,6,0,7.0,6.0,0.22520685195922852,190.5809870421888,93,26,213,281,778,200,534,48
7,5,0,7.0,5.0,0.23320889472961426,184.86598574205422,93,19,208,281,778,200,534,48
7,6,0,7.0,6.0,0.24123382568359375,178.35612172603032,93,12,202,281,778,200,534,48
6,7,0,6.0,7.0,0.24922680854797363,171.0922858546693,93,6,195,281,778,200,534,48
7,9,0,7.0,9.0,0.25716471672058105,162.00268815261785,93,-1,186,281,778,200,534,48
6,8,0,6.0,8.0,0.2651958465576172,154.13758727455584,93,-7,178,281,778,200,534,48
2,8,0,2.0,8.0,0.2731916904449463,146.23806859806652,93,-9,170,281,778,200,534,48
1,7,0,1.0,7.0,0.2811617851257324,139.3064603743526,93,-10,163,281,778,200,534,48
0,8,0,-0.0,8.0,0.2891547679901123,131.32224567009067,93,-10,155,281,778,200,534,48
1,9,0,1.0,9.0,0.2972238063812256,122.4137971640651,93,-11,146,281,778,200,534,48
0,10,0,-0.0,10.0,0.3052186965942383,112.444127759314,93,-11,136,281,778,200,534,48
0,10,0,-0.0,10.0,0.31324172019958496,102.4792473095883,93,-11,126,281,778,200,534,48
0,11,0,-0.0,11.0,0.3212118148803711,91.52488909321661,93,-11,115,281,778,200,534,48
0,12,0,-0.0,12.0,0.32913970947265625,79.58571330062848,93,-11,103,281,778,200,534,48
-1,12,0,-1.0,12.0,0.3370838165283203,67.54780172128658,93,-10,91,281,778,200,534,48
0,11,0,-0.0,11.0,0.34521484375,56.62257748298549,93,-10,80,281,778,200,534,48
0,10,0,-0.0,10.0,0.35308384895324707,46.710678118654755,93,-10,70,281,778,200,534,48
-1,8,0,-1.0,8.0,0.3612847328186035,38.64982043070834,93,-9,62,281,778,200,534,48
-1,8,0,-1.0,8.0,0.36930274963378906,30.589376255824725,93,-8,54,281,778,200,534,48
0,8,0,-0.0,8.0,0.377368688583374,22.69047011971501,93,-8,46,281,778,200,534,48
0,8,0,-0.0,8.0,0.3851947784423828,14.832975677895199,93,-8,38,281,778,200,534,48
-1,9,0,-1.0,9.0,0.3932309150695801,5.832867780352597,93,-7,29,281,778,200,534,48
0,8,0,-0.0,8.0,0.40108370780944824,-1.8640563788213456,93,-7,21,281,778,200,534,48
0,7,0,-0.0,7.0,0.40914368629455566,-8.347524157501471,93,-7,14,281,778,200,534,48
1,7,0,1.0,7.0,0.4171926975250244,-13.36985418726535,93,-8,7,281,778,200,534,48
0,6,0,-0.0,6.0,0.4252638816833496,-15.93774225170145,93,-8,1,281,778,200,534,48
0,4,0,-0.0,4.0,0.43326282501220703,-15.45599625468247,93,-8,-3,281,778,200,534,48
1,4,0,1.0,4.0,0.4411587715148926,-12.59824574900862,93,-9,-7,281,778,200,534,48
0,2,0,-0.0,2.0,0.44921183586120605,-11.272077938642145,93,-9,-9,281,778,200,534,48
0,2,0,-0.0,2.0,0.45729684829711914,-9.787329596448105,93,-9,-11,281,778,200,534,48
0,1,0,-0.0,1.0,0.4653017520904541,-9.0,93,-9,-12,281,778,200,534,48
0,1,0,-0.0,1.0,0.4732017517089844,-8.188611699158104,93,-9,-13,281,778,200,534,48
0,0,1,-0.0,-0.0,0.5090758800506592,-8.188611699158104,93,-9,-13,281,778,200,534,48
0,0,0,-0.0,-0.0,0.06252145767211914,1044.667693887545,94,1078,89,1368,880,290,791,74
2,0,0,2.0,-0.0,0.0866243839263916,1042.6744879823734,94,1076,89,1368,880,290,791,74
3,0,0,3.0,-0.0,0.09446048736572266,1039.6847263707236,94,1073,89,1368,880,290,791,74
6,-1,0,6.0,-1.0,0.10245633125305176,1033.7889614671979,94,1067,90,1368,880,290,791,74
4,-2,0,4.0,-2.0,0.11049747467041016,1029.973757877859,94,1063,92,1368,880,290,791,74
4,-1,0,4.0,-1.0,0.11852455139160156,1026.0757263713624,94,1059,93,1368,880,290,791,74
4,-1,0,4.0,-1.0,0.12651753425598145,1022.1793993464942,94,1055,94,1368,880,290,791,74
6,-2,0,6.0,-2.0,0.13453936576843262,1016.3835958472109,94,1049,96,1368,880,290,791,74
5,-2,0,5.0,-2.0,0.14255952835083008,1011.5895288433887,94,1044,98,1368,880,290,791,74
5,-3,0,5.0,-3.0,0.15058255195617676,1006.8975045472616,94,1039,101,1368,880,290,791,74
8,-3,0,8.0,-3.0,0.15856242179870605,999.2321168541341,94,1031,104,1368,880,290,791,74
9,-4,0,9.0,-4.0,0.1664564609527588,990.690614922604,94,1022,108,1368,880,290,791,74
11,-6,0,11.0,-6.0,0.17463040351867676,980.4069982067157,94,1011,114,1368,880,290,791,74
15,-5,0,15.0,-5.0,0.18247437477111816,966.0837452575931,94,996,119,1368,880,290,791,74
16,-4,0,16.0,-4.0,0.19066548347473145,950.6887161449198,94,980,123,1368,880,290,791,74
18,-3,0,18.0,-3.0,0.19853854179382324,933.2164706909484,94,962,126,1368,880,290,791,74
19,-1,0,19.0,-1.0,0.20647740364074707,914.5135311702088,94,943,127,1368,880,290,791,74
16,-1,0,16.0,-1.0,0.21460843086242676,898.7953836175941,94,927,128,1368,880,290,791,74
16,-1,0,16.0,-1.0,0.22255945205688477,883.0880392658086,94,911,129,1368,880,290,791,74
15,0,0,15.0,-0.0,0.2306385040283203,868.2386425689084,94,896,129,1368,880,290,791,74
15,0,0,15.0,-0.0,0.2386934757232666,853.394294680733,94,881,129,1368,880,290,791,74
18,0,0,18.0,-0.0,0.24647855758666992,835.5881044341597,94,863,129,1368,880,290,791,74
18,0,0,18.0,-0.0,0.25455236434936523,817.7900326980889,94,845,129,1368,880,290,791,74
20,0,0,20.0,-0.0,0.2625234127044678,798.0245505372881,94,825,129,1368,880,290,791,74
18,0,0,18.0,-0.0,0.2705724239349365,780.2453731897172,94,807,129,1368,880,290,791,74
22,2,0,22.0,2.0,0.27857136726379395,758.2068913182279,94,785,127,1368,880,290,791,74
25,2,0,25.0,2.0,0.28658151626586914,733.2110100485451,94,760,125,1368,880,290,791,74
26,4,0,26.0,4.0,0.29456138610839844,706.9065801564064,94,734,121,1368,880,290,791,74
28,3,0,28.0,3.0,0.30280637741088867,678.7932662438227,94,706,118,1368,880,290,791,74
29,5,0,29.0,5.0,0.3104434013366699,649.3657916883678,94,677,113,1368,880,290,791,74
32,5,0,32.0,5.0,0.3185393810272217,616.9793574723899,94,645,108,1368,880,290,791,74
34,7,0,34.0,7.0,0.32657432556152344,582.2915307026248,94,611,101,1368,880,290,791,74
34,5,0,34.0,5.0,0.33447837829589844,547.9316199351853,94,577,96,1368,880,290,791,74
34,7,0,34.0,7.0,0.34255051612854004,513.2453997990351,94,543,89,1368,880,290,791,74
34,7,0,34.0,7.0,0.3505873680114746,478.5627992786136,94,509,82,1368,880,290,791,74
34,5,0,34.0,5.0,0.3585803508758545,444.20058187828494,94,475,77,1368,880,290,791,74
33,7,0,33.0,7.0,0.36667633056640625,410.5086591340999,94,442,70,1368,880,290,791,74
30,5,0,30.0,5.0,0.37468433380126953,380.0959122312277,94,412,65,1368,880,290,791,74
29,5,0,29.0,5.0,0.3824293613433838,350.6712524807585,94,383,60,1368,880,290,791,74
25,5,0,25.0,5.0,0.39044737815856934,325.2002208723788,94,358,55,1368,880,290,791,74
25,5,0,25.0,5.0,0.3984694480895996,299.7328317821118,94,333,50,1368,880,290,791,74
22,5,0,22.0,5.0,0.40652942657470703,277.23876272668844,94,311,45,1368,880,290,791,74
24,5,0,24.0,5.0,0.414562463760376,252.77404990785493,94,287,40,1368,880,290,791,74
21,4,0,21.0,4.0,0.4225733280181885,231.42503609015313,94,266,36,1368,880,290,791,74
21,3,0,21.0,3.0,0.43059849739074707,210.212459232944,94,245,33,1368,880,290,791,74
17,2,0,17.0,2.0,0.4385855197906494,193.09780529157595,94,228,31,1368,880,290,791,74
14,3,0,14.0,3.0,0.44643139839172363,178.82400237230334,94,214,28,1368,880,290,791,74
10,1,0,10.0,1.0,0.45450854301452637,168.7790076757102,94,204,27,1368,880,290,791,74
8,2,0,8.0,2.0,0.46245646476745605,160.58795509848267,94,196,25,1368,880,290,791,74
4,0,0,4.0,-0.0,0.4705924987792969,156.62076334938874,94,192,25,1368,880,290,791,74
3,0,0,3.0,-0.0,0.4787294864654541,153.64626930522402,94,189,25,1368,880,290,791,74
2,0,0,2.0,-0.0,0.48668742179870605,151.66372200293304,94,187,25,1368,880,290,791,74
2,0,0,2.0,-0.0,0.49460649490356445,149.6815470259447,94,185,25,1368,880,290,791,74
3,0,0,3.0,-0.0,0.5026733875274658,146.7090090333079,94,182,25,1368,880,290,791,74
5,0,0,5.0,-0.0,0.5104634761810303,141.7568180517879,94,177,25,1368,880,290,791,74
5,0,0,5.0,-0.0,0.5186254978179932,136.80736463107655,94,172,25,1368,880,290,791,74
5,0,0,5.0,-0.0,0.5264904499053955,131.86088949191284,94,167,25,1368,880,290,791,74
7,0,0,7.0,-0.0,0.5344705581665039,124.94134740701648,94,160,25,1368,880,290,791,74
5,0,0,5.0,-0.0,0.5425674915313721,120.00318468107582,94,155,25,1368,880,290,791,74
7,0,0,7.0,-0.0,0.5505943298339844,113.09663553857561,94,148,25,1368,880,290,791,74
8,0,0,8.0,-0.0,0.558483362197876,105.21462653327893,94,140,25,1368,880,290,791,74
11,2,0,11.0,2.0,0.5665674209594727,94.03434664239754,94,129,23,1368,880,290,791,74
12,1,0,12.0,1.0,0.5744633674621582,82.05040949110591,94,117,22,1368,880,290,791,74
14,2,0,14.0,2.0,0.5825674533843994,67.92378186092989,94,103,20,1368,880,290,791,74
13,1,0,13.0,1.0,0.5904204845428467,54.98369420718001,94,90,19,1368,880,290,791,74
15,1,0,15.0,1.0,0.5986135005950928,40.12976079309465,94,75,18,1368,880,290,791,74
16,2,0,16.0,2.0,0.606499433517456,24.1310068623117,94,59,16,1368,880,290,791,74
15,2,0,15.0,2.0,0.6145474910736084,9.173585522460783,94,44,14,1368,880,290,791,74
15,2,0,15.0,2.0,0.6226043701171875,-5.615290347049569,94,29,12,1368,880,290,791,74
13,2,0,13.0,2.0,0.630561351776123,-18.132037735886794,94,16,10,1368,880,290,791,74
10,2,0,10.0,2.0,0.6385624408721924,-27.0,94,6,8,1368,880,290,791,74
4,1,0,4.0,1.0,0.6466584205627441,-29.719890110719483,94,2,7,1368,880,290,791,74
1,1,0,1.0,1.0,0.6546385288238525,-30.91723746970178,94,1,6,1368,880,290,791,74
0,0,1,-0.0,-0.0,0.6915664672851562,-30.91723746970178,94,1,6,1368,880,290,791,74
0,0,0,-0.0,-0.0,0.0738832950592041,219.4606307772276,95,80,-231,1447,643,1367,874,51
0,-3,0,-0.0,-3.0,0.18292713165283203,216.6278129686233,95,80,-228,1447,643,1367,874,51
0,-7,0,-0.0,-7.0,0.19098520278930664,210.03404008781365,95,80,-221,1447,643,1367,874,51
2,-11,0,2.0,-11.0,0.19898223876953125,199.01785643113362,95,78,-210,1447,643,1367,874,51
3,-12,0,3.0,-12.0,0.20685434341430664,186.72859986312668,95,75,-198,1447,643,1367,874,51
4,-16,0,4.0,-16.0,0.2148442268371582,170.35864454894235,95,71,-182,1447,643,1367,874,51
4,-19,0,4.0,-19.0,0.22287726402282715,151.23280057923384,95,67,-163,1447,643,1367,874,51
3,-21,0,3.0,-21.0,0.23089313507080078,130.7562197795003,95,64,-142,1447,643,1367,874,51
4,-21,0,4.0,-21.0,0.23924827575683594,110.05924625881784,95,60,-121,1447,643,1367,874,51
6,-15,0,6.0,-15.0,0.24680423736572266,93.96217886370441,95,54,-106,1447,643,1367,874,51
5,-11,0,5.0,-11.0,0.25486016273498535,81.89246933250256,95,49,-95,1447,643,1367,874,51
5,-10,0,5.0,-10.0,0.2630162239074707,70.71311299921238,95,44,-85,1447,643,1367,874,51
5,-8,0,5.0,-8.0,0.270963191986084,61.313382508160345,95,39,-77,1447,643,1367,874,51
3,-5,0,3.0,-5.0,0.27910518646240234,55.49844718999243,95,36,-72,1447,643,1367,874,51
3,-4,0,3.0,-4.0,0.28693723678588867,50.58438992278762,95,33,-68,1447,643,1367,874,51
1,-3,0,1.0,-3.0,0.29496121406555176,47.449982746719826,95,32,-65,1447,643,1367,874,51
2,-3,0,2.0,-3.0,0.3029642105102539,43.87670143089025,95,30,-62,1447,643,1367,874,51
2,-3,0,2.0,-3.0,0.3110332489013672,40.30696746902278,95,28,-59,1447,643,1367,874,51
2,-3,0,2.0,-3.0,0.31888723373413086,36.741396161732524,95,26,-56,1447,643,1367,874,51
2,-4,0,2.0,-4.0,0.3269033432006836,32.271284253105414,95,24,-52,1447,643,1367,874,51
3,-5,0,3.0,-5.0,0.33502817153930664,26.478150704935004,95,21,-47,1447,643,1367,874,51
4,-6,0,4.0,-6.0,0.34282612800598145,19.384682042344295,95,17,-41,1447,643,1367,874,51
4,-7,0,4.0,-7.0,0.3509533405303955,11.400549446402593,95,13,-34,1447,643,1367,874,51
6,-7,0,6.0,-7.0,0.3589332103729248,2.892651361962706,95,7,-27,1447,643,1367,874,51
5,-8,0,5.0,-8.0,0.3668811321258545,-5.895026825457201,95,2,-19,1447,643,1367,874,51
5,-7,0,5.0,-7.0,0.374988317489624,-12.63068312314702,95,-3,-12,1447,643,1367,874,51
3,-6,0,3.0,-6.0,0.383007287979126,-16.514718625761432,95,-6,-6,1447,643,1367,874,51
3,-5,0,3.0,-5.0,0.3908662796020508,-15.944614861862583,95,-9,-1,1447,643,1367,874,51
2,-2,0,2.0,-2.0,0.3988051414489746,-13.954638982812739,95,-11,1,1447,643,1367,874,51
1,-1,0,1.0,-1.0,0.40694212913513184,-12.834474939403561,95,-12,2,1447,643,1367,874,51
0,-1,0,-0.0,-1.0,0.41498231887817383,-12.63068312314702,95,-12,3,1447,643,1367,874,51
0,0,1,-0.0,-0.0,0.45183730125427246,-12.63068312314702,95,-12,3,1447,643,1367,874,51
0,0,0,-0.0,-0.0,0.06274676322937012,707.5419285908724,96,-704,110,755,750,1459,640,11
-1,-1,0,-1.0,-1.0,0.16476178169250488,706.7092102818398,96,-703,111,755,750,1459,640,11
-3,0,0,-3.0,-0.0,0.1726517677307129,703.746075826879,96,-700,111,755,750,1459,640,11
-3,-1,0,-3.0,-1.0,0.18065166473388672,700.9412156830057,96,-697,112,755,750,1459,640,11
-2,-1,0,-2.0,-1.0,0.18876886367797852,699.1264091056378,96,-695,113,755,750,1459,640,11
-4,0,0,-4.0,-0.0,0.1966557502746582,695.1785486574121,96,-691,113,755,750,1459,640,11
-6,-2,0,-6.0,-2.0,0.20454788208007812,689.5862077525006,96,-685,115,755,750,1459,640,11
-9,-2,0,-9.0,-2.0,0.2125098705291748,681.0502897018556,96,-676,117,755,750,1459,640,11
-12,-2,0,-12.0,-2.0,0.22056984901428223,669.5791280494824,96,-664,119,755,750,1459,640,11
-13,0,0,-13.0,-0.0,0.2285327911376953,656.7869747887155,96,-651,119,755,750,1459,640,11
-17,0,0,-17.0,-0.0,0.2366337776184082,640.0713138870772,96,-634,119,755,750,1459,640,11
-18,0,0,-18.0,-0.0,0.24456167221069336,622.389034013187,96,-616,119,755,750,1459,640,11
-18,3,0,-18.0,3.0,0.2527198791503906,604.1469445051825,96,-598,116,755,750,1459,640,11
-16,6,0,-16.0,6.0,0.2606987953186035,587.3039760123175,96,-582,110,755,750,1459,640,11
-18,7,0,-18.0,7.0,0.26866769790649414,568.3280038511986,96,-564,103,755,750,1459,640,11
-19,8,0,-19.0,8.0,0.276702880859375,548.2178594369491,96,-545,95,755,750,1459,640,11
-22,10,0,-22.0,10.0,0.28453779220581055,524.8622462489661,96,-523,85,755,750,1459,640,11
-23,9,0,-23.0,9.0,0.2926757335662842,500.7430177471559,96,-500,76,755,750,1459,640,11
-25,10,0,-25.0,10.0,0.30060482025146484,474.5633430528234,96,-475,66,755,750,1459,640,11
-26,9,0,-26.0,9.0,0.30860185623168945,447.6035793053343,96,-449,57,755,750,1459,640,11
-25,9,0,-25.0,9.0,0.3166987895965576,421.7083312990268,96,-424,48,755,750,1459,640,11
-25,6,0,-25.0,6.0,0.3246498107910156,396.2044366653988,96,-399,42,755,750,1459,640,11
-25,7,0,-25.0,7.0,0.33271169662475586,370.63413050467074,96,-374,35,755,750,1459,640,11
-22,5,0,-22.0,5.0,0.3405487537384033,348.2760959929217,96,-352,30,755,750,1459,640,11
-19,4,0,-19.0,4.0,0.34888267517089844,329.0134727821619,96,-333,26,755,750,1459,640,11
-18,4,0,-18.0,4.0,0.356630802154541,310.767319398319,96,-315,22,755,750,1459,640,11
-15,3,0,-15.0,3.0,0.3645956516265869,295.60106453570654,96,-300,19,755,750,1459,640,11
-14,2,0,-14.0,2.0,0.3725907802581787,281.50479926172267,96,-286,17,755,750,1459,640,11
-14,2,0,-14.0,2.0,0.38056468963623047,267.4132889563209,96,-272,15,755,750,1459,640,11
-11,2,0,-11.0,2.0,0.38871288299560547,256.3235542388018,96,-261,13,755,750,1459,640,11
-12,1,0,-12.0,1.0,0.396770715713501,244.28898892650673,96,-249,12,755,750,1459,640,11
-11,0,0,-11.0,-0.0,0.4046487808227539,233.30232898568156,96,-238,12,755,750,1459,640,11
-12,1,0,-12.0,1.0,0.4127218723297119,221.2675407565124,96,-226,11,755,750,1459,640,11
-13,0,0,-13.0,-0.0,0.42058777809143066,208.283848427395,96,-213,11,755,750,1459,640,11
-13,0,0,-13.0,-0.0,0.42859673500061035,195.30227157973022,96,-200,11,755,750,1459,640,11
-13,0,0,-13.0,-0.0,0.4365227222442627,182.32325002519042,96,-187,11,755,750,1459,640,11
-14,-1,0,-14.0,-1.0,0.4445798397064209,168.4156855650607,96,-173,12,755,750,1459,640,11
-13,-1,0,-13.0,-1.0,0.452650785446167,155.52725625263767,96,-160,13,755,750,1459,640,11
-12,-1,0,-12.0,-1.0,0.46078968048095703,143.66068747318505,96,-148,14,755,750,1459,640,11
-12,-1,0,-12.0,-1.0,0.4686927795410156,131.82470537150812,96,-136,15,755,750,1459,640,11
-9,-1,0,-9.0,-1.0,0.4766528606414795,123.00390619039717,96,-127,16,755,750,1459,640,11
-6,-1,0,-6.0,-1.0,0.4846968650817871,117.18837915284743,96,-121,17,755,750,1459,640,11
-5,0,0,-5.0,-0.0,0.49264979362487793,112.23907198540937,96,-116,17,755,750,1459,640,11
-5,-1,0,-5.0,-1.0,0.5006527900695801,107.44998888394787,96,-111,18,755,750,1459,640,11
-3,0,0,-3.0,-0.0,0.508596658706665,104.48972554536796,96,-108,18,755,750,1459,640,11
-3,0,0,-3.0,-0.0,0.5166478157043457,101.53168542738823,96,-105,18,755,750,1459,640,11
-1,0,0,-1.0,-0.0,0.5246508121490479,100.54619841567009,96,-104,18,755,750,1459,640,11
-1,0,0,-1.0,-0.0,0.5326588153839111,99.5609869884557,96,-103,18,755,750,1459,640,11
-2,0,0,-2.0,-0.0,0.5407037734985352,97.59142264341595,96,-101,18,755,750,1459,640,11
-2,0,0,-2.0,-0.0,0.5486726760864258,95.62305898749054,96,-99,18,755,750,1459,640,11
-4,0,0,-4.0,-0.0,0.5566806793212891,91.6902270139025,96,-95,18,755,750,1459,640,11
-4,0,0,-4.0,-0.0,0.5647828578948975,87.76313923105448,96,-91,18,755,750,1459,640,11
-5,1,0,-5.0,1.0,0.5726478099822998,82.66413177577246,96,-86,17,755,750,1459,640,11
-4,0,0,-4.0,-0.0,0.5806047916412354,78.74365647617735,96,-82,17,755,750,1459,640,11
-5,1,0,-5.0,1.0,0.5885577201843262,73.64477096412705,96,-77,16,755,750,1459,640,11
-5,1,0,-5.0,1.0,0.5966417789459229,68.54590403278758,96,-72,15,755,750,1459,640,11
-5,1,0,-5.0,1.0,0.604630708694458,63.447059834590405,96,-67,14,755,750,1459,640,11
-4,1,0,-4.0,1.0,0.6127007007598877,59.32728814430156,96,-63,13,755,750,1459,640,11
-3,1,0,-3.0,1.0,0.6207938194274902,56.18823416311342,96,-60,12,755,750,1459,640,11
-3,1,0,-3.0,1.0,0.6285078525543213,53.05170109479997,96,-57,11,755,750,1459,640,11
-3,0,0,-3.0,-0.0,0.6366226673126221,50.10898293381942,96,-54,11,755,750,1459,640,11
-4,2,0,-4.0,2.0,0.6444966793060303,45.80354318352215,96,-50,9,755,750,1459,640,11
-4,1,0,-4.0,1.0,0.6526978015899658,41.69047011971501,96,-46,8,755,750,1459,640,11
-6,1,0,-6.0,1.0,0.6607277393341064,35.607881008493905,96,-40,7,755,750,1459,640,11
-6,2,0,-6.0,2.0,0.6687088012695312,29.365680554879162,96,-34,5,755,750,1459,640,11
-6,2,0,-6.0,2.0,0.6766588687896729,23.160255680657446,96,-28,3,755,750,1459,640,11
-6,1,0,-6.0,1.0,0.6846797466278076,17.090722034374522,96,-22,2,755,750,1459,640,11
-5,1,0,-5.0,1.0,0.6927328109741211,12.029386365926403,96,-17,1,755,750,1459,640,11
-4,1,0,-4.0,1.0,0.7005188465118408,8.0,96,-13,0,755,750,1459,640,11
-3,1,0,-3.0,1.0,0.7085976600646973,5.04987562112089,96,-10,-1,755,750,1459,640,11
-3,0,0,-3.0,-0.0,0.7167186737060547,2.0710678118654755,96,-7,-1,755,750,1459,640,11
-2,0,0,-2.0,-0.0,0.7246057987213135,0.09901951359278449,96,-5,-1,755,750,1459,640,11
-2,0,0,-2.0,-0.0,0.7326688766479492,-1.8377223398316205,96,-3,-1,755,750,1459,640,11
0,1,0,-0.0,1.0,0.7406187057495117,-1.3944487245360109,96,-3,-2,755,750,1459,640,11
-1,0,0,-1.0,-0.0,0.7486777305603027,-2.1715728752538097,96,-2,-2,755,750,1459,640,11
0,0,1,-0.0,-0.0,0.8217148780822754,-2.1715728752538097,96,-2,-2,755,750,1459,640,11
0,0,0,-0.0,-0.0,0.07386898994445801,288.7601754866486,97,82,280,839,1032,757,752,6
3,0,0,3.0,-0.0,0.13190197944641113,287.93126335957777,97,79,280,839,1032,757,752,6
4,-2,0,4.0,-2.0,0.13979578018188477,288.8030157486382,97,75,282,839,1032,757,752,6
5,-1,0,5.0,-1.0,0.14794492721557617,288.52872928752663,97,70,283,839,1032,757,752,6
6,-2,0,6.0,-2.0,0.15577983856201172,289.0975864330276,97,64,285,839,1032,757,752,6
4,-3,0,4.0,-3.0,0.16394376754760742,291.1836161311503,97,60,288,839,1032,757,752,6
5,-2,0,5.0,-2.0,0.17187285423278809,292.16944286290885,97,55,290,839,1032,757,752,6
6,-2,0,6.0,-2.0,0.1798388957977295,293.08275870100914,97,49,292,839,1032,757,752,6
6,-3,0,6.0,-3.0,0.18783783912658691,295.11742652854093,97,43,295,839,1032,757,752,6
7,-2,0,7.0,-2.0,0.19591093063354492,296.1738624947039,97,36,297,839,1032,757,752,6
5,-2,0,5.0,-2.0,0.20396089553833008,297.60272786520085,97,31,299,839,1032,757,752,6
3,0,0,3.0,-0.0,0.21181297302246094,297.30817504690077,97,28,299,839,1032,757,752,6
3,0,0,3.0,-0.0,0.2196948528289795,297.04333020415567,97,25,299,839,1032,757,752,6
1,0,0,1.0,-0.0,0.22783279418945312,296.96166421727963,97,24,299,839,1032,757,752,6
3,0,0,3.0,-0.0,0.23591279983520508,296.7365509910328,97,21,299,839,1032,757,752,6
3,1,0,3.0,1.0,0.24384188652038574,295.54312921251426,97,18,298,839,1032,757,752,6
2,4,0,2.0,4.0,0.2518599033355713,291.4350522611056,97,16,294,839,1032,757,752,6
2,5,0,2.0,5.0,0.2598719596862793,286.33890163612637,97,14,289,839,1032,757,752,6
2,7,0,2.0,7.0,0.2677638530731201,279.25520367213784,97,12,282,839,1032,757,752,6
2,11,0,2.0,11.0,0.275723934173584,268.1844390815963,97,10,271,839,1032,757,752,6
0,12,0,-0.0,12.0,0.28375887870788574,256.19297829995315,97,10,259,839,1032,757,752,6
0,13,0,-0.0,13.0,0.2918109893798828,243.20316813558676,97,10,246,839,1032,757,752,6
0,14,0,-0.0,14.0,0.2998619079589844,229.2154172315008,97,10,232,839,1032,757,752,6
-2,15,0,-2.0,15.0,0.30803585052490234,214.33154395991392,97,12,217,839,1032,757,752,6
0,17,0,-0.0,17.0,0.31591176986694336,197.3596765818911,97,12,200,839,1032,757,752,6
0,19,0,-0.0,19.0,0.3238818645477295,178.39735389470266,97,12,181,839,1032,757,752,6
0,17,0,-0.0,17.0,0.3317909240722656,161.43843832875572,97,12,164,839,1032,757,752,6
-1,14,0,-1.0,14.0,0.33969998359680176,147.56227947264878,97,13,150,839,1032,757,752,6
0,14,0,-0.0,14.0,0.3477358818054199,133.61991070118586,97,13,136,839,1032,757,752,6
1,12,0,1.0,12.0,0.3558669090270996,121.57929201917949,97,12,124,839,1032,757,752,6
2,8,0,2.0,8.0,0.3638467788696289,113.43023662262307,97,10,116,839,1032,757,752,6
2,6,0,2.0,6.0,0.3718898296356201,107.2905254316979,97,8,110,839,1032,757,752,6
1,6,0,1.0,6.0,0.3797798156738281,101.23531071570709,97,7,104,839,1032,757,752,6
1,5,0,1.0,5.0,0.38790178298950195,96.18165152889924,97,6,99,839,1032,757,752,6
1,4,0,1.0,4.0,0.39592695236206055,92.13148795220224,97,5,95,839,1032,757,752,6
0,3,0,-0.0,3.0,0.40381383895874023,89.13576938409967,97,5,92,839,1032,757,752,6
1,2,0,1.0,2.0,0.411876916885376,87.08884503644167,97,4,90,839,1032,757,752,6
0,1,0,-0.0,1.0,0.41975879669189453,86.08984229416954,97,4,89,839,1032,757,752,6
0,2,0,-0.0,2.0,0.42792582511901855,84.09190547921202,97,4,87,839,1032,757,752,6
1,2,0,1.0,2.0,0.4358859062194824,82.05292469985967,97,3,85,839,1032,757,752,6
0,2,0,-0.0,2.0,0.44387197494506836,80.05419917138447,97,3,83,839,1032,757,752,6
1,3,0,1.0,3.0,0.451732873916626,77.02499609497022,97,2,80,839,1032,757,752,6
2,2,0,2.0,2.0,0.45989298820495605,75.0,97,0,78,839,1032,757,752,6
1,3,0,1.0,3.0,0.4679548740386963,72.0066663703967,97,-1,75,839,1032,757,752,6
1,3,0,1.0,3.0,0.4757699966430664,69.02777242147643,97,-2,72,839,1032,757,752,6
2,2,0,2.0,2.0,0.48386192321777344,67.11419257183242,97,-4,70,839,1032,757,752,6
2,2,0,2.0,2.0,0.4919259548187256,65.26419266350405,97,-6,68,839,1032,757,752,6
1,2,0,1.0,2.0,0.4997999668121338,63.37017402418047,97,-7,66,839,1032,757,752,6
1,2,0,1.0,2.0,0.5078098773956299,61.49806198638839,97,-8,64,839,1032,757,752,6
2,3,0,2.0,3.0,0.5158708095550537,58.814237842102365,97,-10,61,839,1032,757,752,6
1,2,0,1.0,2.0,0.5237817764282227,57.01666435249463,97,-11,59,839,1032,757,752,6
1,3,0,1.0,3.0,0.5318357944488525,54.271284253105414,97,-12,56,839,1032,757,752,6
1,4,0,1.0,4.0,0.5398609638214111,50.600373133029585,97,-13,52,839,1032,757,752,6
1,3,0,1.0,3.0,0.5478408336639404,47.96076922496363,97,-14,49,839,1032,757,752,6
0,4,0,-0.0,4.0,0.5558958053588867,44.12748667179272,97,-14,45,839,1032,757,752,6
0,3,0,-0.0,3.0,0.5639078617095947,41.27188724235731,97,-14,42,839,1032,757,752,6
0,4,0,-0.0,4.0,0.5718259811401367,37.496913462633174,97,-14,38,839,1032,757,752,6
-1,4,0,-1.0,4.0,0.579718828201294,33.40054944640259,97,-13,34,839,1032,757,752,6
0,3,0,-0.0,3.0,0.5877828598022461,30.61547262794322,97,-13,31,839,1032,757,752,6
-1,4,0,-1.0,4.0,0.5957927703857422,26.546573405388315,97,-12,27,839,1032,757,752,6
-1,2,0,-1.0,2.0,0.6038558483123779,24.313000567495326,97,-11,25,839,1032,757,752,6
0,3,0,-0.0,3.0,0.6118478775024414,21.596747752497688,97,-11,22,839,1032,757,752,6
-1,3,0,-1.0,3.0,0.6198489665985107,18.470910553583888,97,-10,19,839,1032,757,752,6
-1,3,0,-1.0,3.0,0.6278409957885742,15.35755975068582,97,-9,16,839,1032,757,752,6
-2,3,0,-2.0,3.0,0.6358389854431152,11.7648230602334,97,-7,13,839,1032,757,752,6
0,2,0,-0.0,2.0,0.6438589096069336,10.038404810405298,97,-7,11,839,1032,757,752,6
-1,3,0,-1.0,3.0,0.6517698764801025,7.0,97,-6,8,839,1032,757,752,6
-2,3,0,-2.0,3.0,0.6597797870635986,3.4031242374328485,97,-4,5,839,1032,757,752,6
0,2,0,-0.0,2.0,0.6678588390350342,2.0,97,-4,3,839,1032,757,752,6
-1,2,0,-1.0,2.0,0.6758639812469482,0.16227766016837952,97,-3,1,839,1032,757,752,6
0,2,0,-0.0,2.0,0.6838579177856445,0.16227766016837952,97,-3,-1,839,1032,757,752,6
-1,0,0,-1.0,-0.0,0.6919369697570801,-0.7639320225002102,97,-2,-1,839,1032,757,752,6
-1,0,0,-1.0,-0.0,0.7878258228302002,-1.5857864376269049,97,-1,-1,839,1032,757,752,6
-1,0,0,-1.0,-0.0,0.8039689064025879,-2.0,97,0,-1,839,1032,757,752,6
-1,0,0,-1.0,-0.0,0.8439428806304932,-1.5857864376269049,97,1,-1,839,1032,757,752,6
0,0,1,-0.0,-0.0,0.8568987846374512,-1.5857864376269049,97,1,-1,839,1032,757,752,6
0,0,0,-0.0,-0.0,0.0761103630065918,426.6390600026895,98,157,-401,995,632,838,1033,8
0,-1,0,-0.0,-1.0,0.1142873764038086,425.7080404181425,98,157,-400,995,632,838,1033,8
2,-4,0,2.0,-4.0,0.12223649024963379,421.2540417209459,98,155,-396,995,632,838,1033,8
2,-4,0,2.0,-4.0,0.1302504539489746,416.8004277564366,98,153,-392,995,632,838,1033,8
2,-2,0,2.0,-2.0,0.13808441162109375,414.21166889507043,98,151,-390,995,632,838,1033,8
2,-4,0,2.0,-4.0,0.1461503505706787,409.75959203382826,98,149,-386,995,632,838,1033,8
1,-4,0,1.0,-4.0,0.15410351753234863,405.66815839164263,98,148,-382,995,632,838,1033,8
2,-5,0,2.0,-5.0,0.16215133666992188,400.2833164997042,98,146,-377,995,632,838,1033,8
1,-6,0,1.0,-6.0,0.17025041580200195,394.3290097394364,98,145,-371,995,632,838,1033,8
2,-7,0,2.0,-7.0,0.17820334434509277,387.0818328687744,98,143,-364,995,632,838,1033,8
3,-10,0,3.0,-10.0,0.18619847297668457,376.67834191085785,98,140,-354,995,632,838,1033,8
2,-10,0,2.0,-10.0,0.19422531127929688,366.64808106882197,98,138,-344,995,632,838,1033,8
2,-11,0,2.0,-11.0,0.20234251022338867,355.70126494078386,98,136,-333,995,632,838,1033,8
2,-12,0,2.0,-12.0,0.21012639999389648,343.8462303949836,98,134,-321,995,632,838,1033,8
4,-14,0,4.0,-14.0,0.21820449829101562,329.3901618224509,98,130,-307,995,632,838,1033,8
6,-12,0,6.0,-12.0,0.22624635696411133,316.00156249618533,98,124,-295,995,632,838,1033,8
5,-12,0,5.0,-12.0,0.23423528671264648,303.001628660175,98,119,-283,995,632,838,1033,8
4,-9,0,4.0,-9.0,0.2422645092010498,293.1548417912789,98,115,-274,995,632,838,1033,8
2,-6,0,2.0,-6.0,0.25020647048950195,286.84875794818174,98,113,-268,995,632,838,1033,8
1,-7,0,1.0,-7.0,0.2582244873046875,280.01584462842914,98,112,-261,995,632,838,1033,8
1,-8,0,1.0,-8.0,0.2662324905395508,272.27884464793897,98,111,-253,995,632,838,1033,8
2,-11,0,2.0,-11.0,0.2741124629974365,261.41476974727686,98,109,-242,995,632,838,1033,8
1,-12,0,1.0,-12.0,0.28232836723327637,250.0944706206729,98,108,-230,995,632,838,1033,8
2,-10,0,2.0,-10.0,0.29032135009765625,240.20483205702544,98,106,-220,995,632,838,1033,8
2,-11,0,2.0,-11.0,0.29808640480041504,229.44592521609795,98,104,-209,995,632,838,1033,8
3,-12,0,3.0,-12.0,0.3062114715576172,217.38202275704322,98,101,-197,995,632,838,1033,8
3,-14,0,3.0,-14.0,0.3143014907836914,203.5885353289049,98,98,-183,995,632,838,1033,8
2,-16,0,2.0,-16.0,0.32230448722839355,188.62658175859323,98,96,-167,995,632,838,1033,8
4,-17,0,4.0,-17.0,0.33023738861083984,171.96590578859303,98,92,-150,995,632,838,1033,8
3,-16,0,3.0,-16.0,0.3382744789123535,156.86329600005092,98,89,-134,995,632,838,1033,8
3,-14,0,3.0,-14.0,0.34633350372314453,143.63468427168462,98,86,-120,995,632,838,1033,8
1,-14,0,1.0,-14.0,0.35413336753845215,131.8712625980932,98,85,-106,995,632,838,1033,8
1,-12,0,1.0,-12.0,0.36206650733947754,122.0634760745554,98,84,-94,995,632,838,1033,8
1,-11,0,1.0,-11.0,0.370145320892334,113.37972567696688,98,83,-83,995,632,838,1033,8
1,-7,0,1.0,-7.0,0.3782052993774414,107.80339887498948,98,82,-76,995,632,838,1033,8
2,-8,0,2.0,-8.0,0.38614630699157715,100.9952379872535,98,80,-68,995,632,838,1033,8
3,-9,0,3.0,-9.0,0.39421749114990234,93.0051545022222,98,77,-59,995,632,838,1033,8
3,-6,0,3.0,-6.0,0.40221142768859863,87.02197536858887,98,74,-53,995,632,838,1033,8
3,-7,0,3.0,-7.0,0.41014647483825684,80.59905436823747,98,71,-46,995,632,838,1033,8
4,-5,0,4.0,-5.0,0.4182014465332031,74.54934754662193,98,67,-41,995,632,838,1033,8
3,-6,0,3.0,-6.0,0.4261634349822998,68.94518489934754,98,64,-35,995,632,838,1033,8
2,-3,0,2.0,-3.0,0.43417930603027344,65.77105417004964,98,62,-32,995,632,838,1033,8
3,-3,0,3.0,-3.0,0.44222450256347656,61.74191965557441,98,59,-29,995,632,838,1033,8
3,-3,0,3.0,-3.0,0.4502983093261719,57.741396161732524,98,56,-26,995,632,838,1033,8
2,-2,0,2.0,-2.0,0.4581484794616699,55.09314681077663,98,54,-24,995,632,838,1033,8
2,-2,0,2.0,-2.0,0.4662353992462158,52.462376853972415,98,52,-22,995,632,838,1033,8
2,-1,0,2.0,-1.0,0.4742105007171631,50.230987451824994,98,50,-21,995,632,838,1033,8
2,-1,0,2.0,-1.0,0.4822103977203369,48.0,98,48,-20,995,632,838,1033,8
2,-2,0,2.0,-2.0,0.4902374744415283,45.39635614091387,98,46,-18,995,632,838,1033,8
2,-1,0,2.0,-1.0,0.4982013702392578,43.16990566028302,98,44,-17,995,632,838,1033,8
2,-1,0,2.0,-1.0,0.5062394142150879,40.94441010848846,98,42,-16,995,632,838,1033,8
1,-1,0,1.0,-1.0,0.5140852928161621,39.657759905886145,98,41,-15,995,632,838,1033,8
2,-1,0,2.0,-1.0,0.5222303867340088,37.43669871020132,98,39,-14,995,632,838,1033,8
1,0,0,1.0,-0.0,0.530280351638794,36.496913462633174,98,38,-14,995,632,838,1033,8
2,0,0,2.0,-0.0,0.5381214618682861,34.62641583165593,98,36,-14,995,632,838,1033,8
1,0,0,1.0,-0.0,0.5462584495544434,33.69615364994153,98,35,-14,995,632,838,1033,8
1,0,0,1.0,-0.0,0.5542135238647461,32.76955262170047,98,34,-14,995,632,838,1033,8
1,0,0,1.0,-0.0,0.5622384548187256,31.84689665786984,98,33,-14,995,632,838,1033,8
1,-1,0,1.0,-1.0,0.5702724456787109,30.539832078341085,98,32,-13,995,632,838,1033,8
1,0,0,1.0,-0.0,0.578303337097168,29.61547262794322,98,31,-13,995,632,838,1033,8
1,0,0,1.0,-0.0,0.5861003398895264,28.695565448543633,98,30,-13,995,632,838,1033,8
1,0,0,1.0,-0.0,0.594407320022583,27.78049716414141,98,29,-13,995,632,838,1033,8
1,0,0,1.0,-0.0,0.6182153224945068,26.870698080866262,98,28,-13,995,632,838,1033,8
1,0,0,1.0,-0.0,0.7382233142852783,25.966648127543394,98,27,-13,995,632,838,1033,8
1,-1,0,1.0,-1.0,0.746070384979248,24.635642126552707,98,26,-12,995,632,838,1033,8
1,-1,0,1.0,-1.0,0.7542033195495605,23.313000567495326,98,25,-11,995,632,838,1033,8
1,-1,0,1.0,-1.0,0.7621364593505859,22.0,98,24,-10,995,632,838,1033,8
1,-1,0,1.0,-1.0,0.7702114582061768,20.698178070456937,98,23,-9,995,632,838,1033,8
1,-1,0,1.0,-1.0,0.7782022953033447,19.40939982143925,98,22,-8,995,632,838,1033,8
1,-2,0,1.0,-2.0,0.7862133979797363,17.840329667841555,98,21,-6,995,632,838,1033,8
1,0,0,1.0,-0.0,0.794175386428833,16.8806130178211,98,20,-6,995,632,838,1033,8
1,-1,0,1.0,-1.0,0.8022253513336182,15.6468827043885,98,19,-5,995,632,838,1033,8
1,-1,0,1.0,-1.0,0.8101513385772705,14.439088914585774,98,18,-4,995,632,838,1033,8
1,-2,0,1.0,-2.0,0.8182075023651123,13.11724276862369,98,17,-2,995,632,838,1033,8
1,-1,0,1.0,-1.0,0.826202392578125,12.031219541881399,98,16,-1,995,632,838,1033,8
